Supplemental results for CODEML (seqf: codon_align.phy  treef: pruned_tree.tree)

I	J	ij	2Ns_IJ	pMut_IJ	pSub_IJ	2Ns_JI	pMut_JI	pSub_JI

TTC	TTT	CT	0.16779	0.04493	0.04881	-0.16779	0.05314	0.04881	0.04881	0.04881
TTA	TTT	AT	0.57307	0.01438	0.01889	-0.57307	0.02550	0.01889	0.00102	0.00102
TTA	TTC	AC	0.40528	0.02648	0.03221	-0.40528	0.03972	0.03221	0.00174	0.00174
TTG	TTT	GT	0.80446	0.00860	0.01252	-0.80446	0.01923	0.01252	0.00067	0.00067
TTG	TTC	GC	0.63667	0.01585	0.02142	-0.63667	0.02995	0.02142	0.00115	0.00115
TTG	TTA	GA	0.23139	0.02986	0.03345	-0.23139	0.03763	0.03345	0.03345	0.03345
TCT	TTT	CT	1.20536	0.01592	0.02740	-1.20536	0.05314	0.02740	0.00148	0.00148
TCC	TTC	CT	1.52383	0.01803	0.03513	-1.52383	0.08276	0.03513	0.00189	0.00189
TCC	TCT	CT	0.48626	0.01803	0.02277	-0.48626	0.02932	0.02277	0.02277	0.02277
TCA	TTA	CT	1.49179	0.01181	0.02272	-1.49179	0.05247	0.02272	0.00122	0.00122
TCA	TCT	AT	0.85950	0.00596	0.00888	-0.85950	0.01407	0.00888	0.00888	0.00888
TCA	TCC	AC	0.37325	0.01097	0.01315	-0.37325	0.01594	0.01315	0.01315	0.01315
TCG	TTG	CT	0.64689	0.01644	0.02233	-0.64689	0.03140	0.02233	0.00120	0.00120
TCG	TCT	GT	0.24599	0.00830	0.00936	-0.24599	0.01061	0.00936	0.00936	0.00936
TCG	TCC	GC	-0.24027	0.01528	0.01352	0.24027	0.01202	0.01352	0.01352	0.01352
TCG	TCA	GA	-0.61351	0.02880	0.02086	0.61351	0.01559	0.02086	0.02086	0.02086
TAT	TTT	AT	0.15820	0.02177	0.02354	-0.15820	0.02550	0.02354	0.00127	0.00127
TAT	TCT	AC	-1.04716	0.04010	0.02270	1.04716	0.01407	0.02270	0.00122	0.00122
TAC	TTC	AT	0.83001	0.01732	0.02549	-0.83001	0.03972	0.02549	0.00137	0.00137
TAC	TCC	AC	-0.69382	0.03190	0.02210	0.69382	0.01594	0.02210	0.00119	0.00119
TAC	TAT	CT	0.83960	0.03432	0.05071	-0.83960	0.07946	0.05071	0.05071	0.05071
TGT	TTT	GT	4.47279	0.00022	0.00099	-4.47279	0.01923	0.00099	0.00005	0.00005
TGT	TCT	GC	3.26743	0.00040	0.00137	-3.26743	0.01061	0.00137	0.00007	0.00007
TGT	TAT	GA	4.31459	0.00076	0.00333	-4.31459	0.05698	0.00333	0.00018	0.00018
TGC	TTC	GT	4.59589	0.00030	0.00140	-4.59589	0.02995	0.00140	0.00008	0.00008
TGC	TCC	GC	3.07206	0.00056	0.00179	-3.07206	0.01202	0.00179	0.00010	0.00010
TGC	TAC	GA	3.76588	0.00105	0.00404	-3.76588	0.04532	0.00404	0.00022	0.00022
TGC	TGT	CT	0.29089	0.00060	0.00069	-0.29089	0.00080	0.00069	0.00069	0.00069
TGG	TTG	GT	0.51262	0.00681	0.00870	-0.51262	0.01136	0.00870	0.00047	0.00047
TGG	TCG	GC	-0.13428	0.01254	0.01171	0.13428	0.01096	0.01171	0.00063	0.00063
TGG	TGT	GT	-3.15571	0.00681	0.00096	3.15571	0.00029	0.00096	0.00005	0.00005
TGG	TGC	GC	-3.44660	0.01254	0.00142	3.44660	0.00040	0.00142	0.00008	0.00008
CTT	TTT	CT	0.94030	0.02075	0.03202	-0.94030	0.05314	0.03202	0.00172	0.00172
CTC	TTC	CT	1.58338	0.01699	0.03385	-1.58338	0.08276	0.03385	0.00182	0.00182
CTC	CTT	CT	0.81087	0.01699	0.02480	-0.81087	0.03822	0.02480	0.02480	0.02480
CTA	TTA	CT	2.55315	0.00408	0.01131	-2.55315	0.05247	0.01131	0.01131	0.01131
CTA	CTT	AT	2.18593	0.00206	0.00508	-2.18593	0.01834	0.00508	0.00508	0.00508
CTA	CTC	AC	1.37506	0.00380	0.00699	-1.37506	0.01502	0.00699	0.00699	0.00699
CTG	TTG	CT	-0.50077	0.05181	0.03991	0.50077	0.03140	0.03991	0.03991	0.03991
CTG	CTT	GT	-0.63661	0.02615	0.01870	0.63661	0.01383	0.01870	0.01870	0.01870
CTG	CTC	GC	-1.44747	0.04816	0.02143	1.44747	0.01132	0.02143	0.02143	0.02143
CTG	CTA	GA	-2.82253	0.09074	0.01619	2.82253	0.00539	0.01619	0.01619	0.01619
CCT	TCT	CT	1.29801	0.00801	0.01430	-1.29801	0.02932	0.01430	0.00077	0.00077
CCT	CTT	CT	1.56307	0.00801	0.01583	-1.56307	0.03822	0.01583	0.00085	0.00085
CCC	TCC	CT	1.65475	0.00635	0.01299	-1.65475	0.03321	0.01299	0.00070	0.00070
CCC	CTC	CT	1.59520	0.00635	0.01270	-1.59520	0.03129	0.01270	0.00068	0.00068
CCC	CCT	CT	0.84300	0.00635	0.00939	-0.84300	0.01475	0.00939	0.00939	0.00939
CCA	TCA	CT	0.55261	0.01251	0.01629	-0.55261	0.02174	0.01629	0.00088	0.00088
CCA	CTA	CT	-0.50875	0.01251	0.00960	0.50875	0.00752	0.00960	0.00052	0.00052
CCA	CCT	AT	0.11410	0.00631	0.00668	-0.11410	0.00708	0.00668	0.00668	0.00668
CCA	CCC	AC	-0.72890	0.01163	0.00790	0.72890	0.00561	0.00790	0.00790	0.00790
CCG	TCG	CT	0.32092	0.02197	0.02568	-0.32092	0.03028	0.02568	0.00138	0.00138
CCG	CTG	CT	1.46858	0.02197	0.04192	-1.46858	0.09542	0.04192	0.00226	0.00226
CCG	CCT	GT	-0.73110	0.01109	0.00752	0.73110	0.00534	0.00752	0.00752	0.00752
CCG	CCC	GC	-1.57410	0.02042	0.00840	1.57410	0.00423	0.00840	0.00840	0.00840
CCG	CCA	GA	-0.84520	0.03848	0.02448	0.84520	0.01653	0.02448	0.02448	0.02448
CAT	TAT	CT	2.58367	0.00600	0.01676	-2.58367	0.07946	0.01676	0.00090	0.00090
CAT	CTT	AT	1.80157	0.00303	0.00653	-1.80157	0.01834	0.00653	0.00035	0.00035
CAT	CCT	AC	0.23850	0.00558	0.00627	-0.23850	0.00708	0.00627	0.00034	0.00034
CAC	TAC	CT	2.79494	0.00386	0.01150	-2.79494	0.06320	0.01150	0.00062	0.00062
CAC	CTC	AT	2.04158	0.00195	0.00457	-2.04158	0.01502	0.00457	0.00025	0.00025
CAC	CCC	AC	0.44637	0.00359	0.00445	-0.44637	0.00561	0.00445	0.00024	0.00024
CAC	CAT	CT	1.05088	0.00386	0.00624	-1.05088	0.01105	0.00624	0.00624	0.00624
CAA	CTA	AT	-1.23761	0.01245	0.00629	1.23761	0.00361	0.00629	0.00034	0.00034
CAA	CCA	AC	-0.72886	0.02292	0.01558	0.72886	0.01106	0.01558	0.00084	0.00084
CAA	CAT	AT	-0.85326	0.01245	0.00788	0.85326	0.00530	0.00788	0.00042	0.00042
CAA	CAC	AC	-1.90413	0.02292	0.00764	1.90413	0.00341	0.00764	0.00041	0.00041
CAG	CTG	AT	0.81588	0.02025	0.02963	-0.81588	0.04579	0.02963	0.00160	0.00160
CAG	CCG	AC	-0.65270	0.03730	0.02644	0.65270	0.01942	0.02644	0.00142	0.00142
CAG	CAT	GT	-1.62230	0.02025	0.00808	1.62230	0.00400	0.00808	0.00044	0.00044
CAG	CAC	GC	-2.67317	0.03730	0.00739	2.67317	0.00257	0.00739	0.00040	0.00040
CAG	CAA	GA	-0.76904	0.07028	0.04669	0.76904	0.03257	0.04669	0.04669	0.04669
CGT	TGT	CT	-3.63025	0.03023	0.00299	3.63025	0.00080	0.00299	0.00016	0.00016
CGT	CTT	GT	-0.09776	0.01525	0.01452	0.09776	0.01383	0.01452	0.00078	0.00078
CGT	CCT	GC	-1.66083	0.02810	0.01094	1.66083	0.00534	0.01094	0.00059	0.00059
CGT	CAT	GA	-1.89933	0.05294	0.01770	1.89933	0.00792	0.01770	0.00095	0.00095
CGC	TGC	CT	-3.28853	0.02957	0.00377	3.28853	0.00110	0.00377	0.00020	0.00020
CGC	CTC	GT	-0.27602	0.01492	0.01296	0.27602	0.01132	0.01296	0.00070	0.00070
CGC	CCC	GC	-1.87122	0.02749	0.00936	1.87122	0.00423	0.00936	0.00050	0.00050
CGC	CAC	GA	-2.31760	0.05179	0.01312	2.31760	0.00510	0.01312	0.00071	0.00071
CGC	CGT	CT	0.63261	0.02957	0.03991	-0.63261	0.05567	0.03991	0.03991	0.03991
CGA	CTA	GT	0.27895	0.00206	0.00236	-0.27895	0.00272	0.00236	0.00013	0.00013
CGA	CCA	GC	0.78770	0.00379	0.00548	-0.78770	0.00834	0.00548	0.00030	0.00030
CGA	CAA	GA	1.51656	0.00715	0.01389	-1.51656	0.03257	0.01389	0.00075	0.00075
CGA	CGT	AT	2.56264	0.00206	0.00572	-2.56264	0.02672	0.00572	0.00572	0.00572
CGA	CGC	AC	1.93003	0.00379	0.00857	-1.93003	0.02614	0.00857	0.00857	0.00857
CGG	TGG	CT	1.52438	0.00541	0.01054	-1.52438	0.02484	0.01054	0.00057	0.00057
CGG	CTG	GT	2.53776	0.00273	0.00752	-2.53776	0.03453	0.00752	0.00041	0.00041
CGG	CCG	GC	1.06918	0.00503	0.00819	-1.06918	0.01465	0.00819	0.00044	0.00044
CGG	CAG	GA	1.72188	0.00947	0.01986	-1.72188	0.05300	0.01986	0.00107	0.00107
CGG	CGT	GT	1.99891	0.00273	0.00631	-1.99891	0.02015	0.00631	0.00631	0.00631
CGG	CGC	GC	1.36631	0.00503	0.00922	-1.36631	0.01971	0.00922	0.00922	0.00922
CGG	CGA	GA	-0.56372	0.00947	0.00705	0.56372	0.00539	0.00705	0.00705	0.00705
ATT	TTT	AT	0.34825	0.01800	0.02132	-0.34825	0.02550	0.02132	0.00115	0.00115
ATT	CTT	AC	-0.59204	0.03316	0.02431	0.59204	0.01834	0.02431	0.00131	0.00131
ATC	TTC	AT	0.77533	0.01829	0.02629	-0.77533	0.03972	0.02629	0.00142	0.00142
ATC	CTC	AC	-0.80805	0.03369	0.02189	0.80805	0.01502	0.02189	0.00118	0.00118
ATC	ATT	CT	0.59486	0.03624	0.04809	-0.59486	0.06570	0.04809	0.04809	0.04809
ATA	TTA	AT	1.70748	0.00457	0.00952	-1.70748	0.02518	0.00952	0.00051	0.00051
ATA	CTA	AC	-0.84567	0.00841	0.00535	0.84567	0.00361	0.00535	0.00029	0.00029
ATA	ATT	AT	1.93230	0.00457	0.01032	-1.93230	0.03153	0.01032	0.01032	0.01032
ATA	ATC	AC	1.33744	0.00841	0.01525	-1.33744	0.03204	0.01525	0.01525	0.01525
ATG	TTG	AT	0.29912	0.01117	0.01293	-0.29912	0.01507	0.01293	0.00070	0.00070
ATG	CTG	AC	0.79989	0.02058	0.02989	-0.79989	0.04579	0.02989	0.00161	0.00161
ATG	ATT	GT	0.75533	0.01117	0.01592	-0.75533	0.02378	0.01592	0.00086	0.00086
ATG	ATC	GC	0.16047	0.02058	0.02227	-0.16047	0.02416	0.02227	0.00120	0.00120
ATG	ATA	GA	-1.17697	0.03877	0.02033	1.17697	0.01195	0.02033	0.00110	0.00110
ACT	TCT	AT	0.35998	0.00982	0.01169	-0.35998	0.01407	0.01169	0.00063	0.00063
ACT	CCT	AC	-0.93803	0.01808	0.01091	0.93803	0.00708	0.01091	0.00059	0.00059
ACT	ATT	CT	1.21708	0.01945	0.03364	-1.21708	0.06570	0.03364	0.00181	0.00181
ACC	TCC	AT	-0.21877	0.01984	0.01775	0.21877	0.01594	0.01775	0.00096	0.00096
ACC	CCC	AC	-1.87353	0.03653	0.01242	1.87353	0.00561	0.01242	0.00067	0.00067
ACC	ATC	CT	0.52973	0.03930	0.05063	-0.52973	0.06676	0.05063	0.00273	0.00273
ACC	ACT	CT	-0.09249	0.03930	0.03751	0.09249	0.03583	0.03751	0.03751	0.03751
ACA	TCA	AT	0.25032	0.00812	0.00918	-0.25032	0.01043	0.00918	0.00049	0.00049
ACA	CCA	AC	-0.30229	0.01496	0.01282	0.30229	0.01106	0.01282	0.00069	0.00069
ACA	ATA	CT	0.03463	0.01610	0.01638	-0.03463	0.01666	0.01638	0.00088	0.00088
ACA	ACT	AT	0.74985	0.00812	0.01155	-0.74985	0.01720	0.01155	0.01155	0.01155
ACA	ACC	AC	0.84234	0.01496	0.02214	-0.84234	0.03474	0.02214	0.02214	0.02214
ACG	TCG	AT	0.17734	0.01217	0.01328	-0.17734	0.01453	0.01328	0.00072	0.00072
ACG	CCG	AC	-0.14359	0.02242	0.02085	0.14359	0.01942	0.02085	0.00112	0.00112
ACG	ATG	CT	0.52510	0.02412	0.03100	-0.52510	0.04077	0.03100	0.00167	0.00167
ACG	ACT	GT	0.06335	0.01217	0.01256	-0.06335	0.01297	0.01256	0.01256	0.01256
ACG	ACC	GC	0.15584	0.02242	0.02421	-0.15584	0.02620	0.02421	0.02421	0.02421
ACG	ACA	GA	-0.68650	0.04224	0.02939	0.68650	0.02126	0.02939	0.02939	0.02939
AAT	TAT	AT	0.64735	0.01996	0.02711	-0.64735	0.03813	0.02711	0.00146	0.00146
AAT	CAT	AC	-1.93632	0.03676	0.01200	1.93632	0.00530	0.01200	0.00065	0.00065
AAT	ATT	AT	0.45730	0.01996	0.02487	-0.45730	0.03153	0.02487	0.00134	0.00134
AAT	ACT	AC	-0.75979	0.03676	0.02455	0.75979	0.01720	0.02455	0.00132	0.00132
AAC	TAC	AT	0.10922	0.02719	0.02871	-0.10922	0.03033	0.02871	0.00155	0.00155
AAC	CAC	AC	-2.68572	0.05009	0.00984	2.68572	0.00341	0.00984	0.00053	0.00053
AAC	ATC	AT	0.16390	0.02719	0.02948	-0.16390	0.03204	0.02948	0.00159	0.00159
AAC	ACC	AC	-0.36582	0.05009	0.04148	0.36582	0.03474	0.04148	0.00223	0.00223
AAC	AAT	CT	0.30147	0.05388	0.06241	-0.30147	0.07284	0.06241	0.06241	0.06241
AAA	CAA	AC	-0.86705	0.05188	0.03260	0.86705	0.02180	0.03260	0.00176	0.00176
AAA	ATA	AT	-1.25899	0.02817	0.01406	1.25899	0.00800	0.01406	0.00076	0.00076
AAA	ACA	AC	-1.29362	0.05188	0.02536	1.29362	0.01423	0.02536	0.00137	0.00137
AAA	AAT	AT	0.21601	0.02817	0.03132	-0.21601	0.03496	0.03132	0.00169	0.00169
AAA	AAC	AC	-0.08545	0.05188	0.04969	0.08545	0.04763	0.04969	0.00268	0.00268
AAG	CAG	AC	0.41830	0.02335	0.02857	-0.41830	0.03547	0.02857	0.00154	0.00154
AAG	ATG	AT	0.43428	0.01268	0.01563	-0.43428	0.01957	0.01563	0.00084	0.00084
AAG	ACG	AC	-0.09082	0.02335	0.02230	0.09082	0.02132	0.02230	0.00120	0.00120
AAG	AAT	GT	0.73232	0.01268	0.01788	-0.73232	0.02636	0.01788	0.00096	0.00096
AAG	AAC	GC	0.43085	0.02335	0.02873	-0.43085	0.03592	0.02873	0.00155	0.00155
AAG	AAA	GA	0.51630	0.04399	0.05631	-0.51630	0.07371	0.05631	0.05631	0.05631
AGT	TGT	AT	-3.21114	0.00954	0.00129	3.21114	0.00038	0.00129	0.00007	0.00007
AGT	CGT	AC	0.41911	0.01757	0.02151	-0.41911	0.02672	0.02151	0.00116	0.00116
AGT	ATT	GT	0.91339	0.00954	0.01455	-0.91339	0.02378	0.01455	0.00078	0.00078
AGT	ACT	GC	-0.30369	0.01757	0.01504	0.30369	0.01297	0.01504	0.00081	0.00081
AGT	AAT	GA	0.45610	0.03310	0.04123	-0.45610	0.05224	0.04123	0.00222	0.00222
AGC	TGC	AT	-3.31579	0.01458	0.00182	3.31579	0.00053	0.00182	0.00010	0.00010
AGC	CGC	AC	-0.02726	0.02686	0.02650	0.02726	0.02614	0.02650	0.00143	0.00143
AGC	ATC	GT	0.50477	0.01458	0.01857	-0.50477	0.02416	0.01857	0.00100	0.00100
AGC	ACC	GC	-0.02496	0.02686	0.02653	0.02496	0.02620	0.02653	0.00143	0.00143
AGC	AAC	GA	0.34086	0.05061	0.05973	-0.34086	0.07117	0.05973	0.00322	0.00322
AGC	AGT	CT	0.18623	0.02890	0.03167	-0.18623	0.03481	0.03167	0.03167	0.03167
AGA	CGA	AC	-1.31694	0.01346	0.00649	1.31694	0.00361	0.00649	0.00649	0.00649
AGA	ATA	GT	-0.19231	0.00731	0.00663	0.19231	0.00603	0.00663	0.00036	0.00036
AGA	ACA	GC	-0.22695	0.01346	0.01199	0.22695	0.01073	0.01199	0.00065	0.00065
AGA	AAA	GA	1.06667	0.02537	0.04126	-1.06667	0.07371	0.04126	0.00222	0.00222
AGA	AGT	AT	0.82659	0.00731	0.01074	-0.82659	0.01671	0.01074	0.00058	0.00058
AGA	AGC	AC	0.64036	0.01346	0.01823	-0.64036	0.02554	0.01823	0.00098	0.00098
AGG	TGG	AT	1.53866	0.00256	0.00501	-1.53866	0.01192	0.00501	0.00027	0.00027
AGG	CGG	AC	0.01428	0.00471	0.00475	-0.01428	0.00478	0.00475	0.00475	0.00475
AGG	ATG	GT	1.75215	0.00256	0.00542	-1.75215	0.01476	0.00542	0.00029	0.00029
AGG	ACG	GC	1.22705	0.00471	0.00818	-1.22705	0.01608	0.00818	0.00044	0.00044
AGG	AAG	GA	1.31787	0.00888	0.01598	-1.31787	0.03317	0.01598	0.00086	0.00086
AGG	AGT	GT	1.59409	0.00256	0.00512	-1.59409	0.01260	0.00512	0.00028	0.00028
AGG	AGC	GC	1.40785	0.00471	0.00878	-1.40785	0.01926	0.00878	0.00047	0.00047
AGG	AGA	GA	0.76749	0.00888	0.01272	-0.76749	0.01913	0.01272	0.01272	0.01272
GTT	TTT	GT	0.17323	0.01617	0.01762	-0.17323	0.01923	0.01762	0.00095	0.00095
GTT	CTT	GC	-0.76706	0.02979	0.01981	0.76706	0.01383	0.01981	0.00107	0.00107
GTT	ATT	GA	-0.17502	0.05613	0.05136	0.17502	0.04712	0.05136	0.00277	0.00277
GTC	TTC	GT	0.93751	0.01173	0.01807	-0.93751	0.02995	0.01807	0.00097	0.00097
GTC	CTC	GC	-0.64586	0.02160	0.01537	0.64586	0.01132	0.01537	0.00083	0.00083
GTC	ATC	GA	0.16219	0.04070	0.04409	-0.16219	0.04787	0.04409	0.00238	0.00238
GTC	GTT	CT	0.93207	0.02324	0.03573	-0.93207	0.05903	0.03573	0.03573	0.03573
GTA	TTA	GT	0.77095	0.00879	0.01260	-0.77095	0.01899	0.01260	0.00068	0.00068
GTA	CTA	GC	-1.78220	0.01618	0.00583	1.78220	0.00272	0.00583	0.00031	0.00031
GTA	ATA	GA	-0.93653	0.03049	0.01841	0.93653	0.01195	0.01841	0.00099	0.00099
GTA	GTT	AT	1.17078	0.00879	0.01491	-1.17078	0.02833	0.01491	0.01491	0.01491
GTA	GTC	AC	0.23872	0.01618	0.01819	-0.23872	0.02054	0.01819	0.01819	0.01819
GTG	TTG	GT	-0.39879	0.01693	0.01378	0.39879	0.01136	0.01378	0.00074	0.00074
GTG	CTG	GC	0.10197	0.03119	0.03280	-0.10197	0.03453	0.03280	0.00177	0.00177
GTG	ATG	GA	-0.69792	0.05876	0.04062	0.69792	0.02924	0.04062	0.00219	0.00219
GTG	GTT	GT	0.23243	0.01693	0.01898	-0.23243	0.02136	0.01898	0.01898	0.01898
GTG	GTC	GC	-0.69963	0.03119	0.02154	0.69963	0.01549	0.02154	0.02154	0.02154
GTG	GTA	GA	-0.93835	0.05876	0.03544	0.93835	0.02299	0.03544	0.03544	0.03544
GCT	TCT	GT	0.29955	0.00787	0.00910	-0.29955	0.01061	0.00910	0.00049	0.00049
GCT	CCT	GC	-0.99846	0.01449	0.00844	0.99846	0.00534	0.00844	0.00045	0.00045
GCT	ACT	GA	-0.06043	0.02730	0.02648	0.06043	0.02570	0.02648	0.00143	0.00143
GCT	GTT	CT	1.33167	0.01559	0.02820	-1.33167	0.05903	0.02820	0.00152	0.00152
GCC	TCC	GT	-0.17340	0.01430	0.01309	0.17340	0.01202	0.01309	0.00071	0.00071
GCC	CCC	GC	-1.82815	0.02633	0.00922	1.82815	0.00423	0.00922	0.00050	0.00050
GCC	ACC	GA	0.04538	0.04961	0.05074	-0.04538	0.05191	0.05074	0.00273	0.00273
GCC	GTC	CT	0.41292	0.02833	0.03457	-0.41292	0.04281	0.03457	0.00186	0.00186
GCC	GCT	CT	0.01331	0.02833	0.02851	-0.01331	0.02870	0.02851	0.02851	0.02851
GCA	TCA	GT	-0.04995	0.00827	0.00807	0.04995	0.00787	0.00807	0.00043	0.00043
GCA	CCA	GC	-0.60256	0.01524	0.01110	0.60256	0.00834	0.01110	0.00060	0.00060
GCA	ACA	GA	-0.30027	0.02871	0.02461	0.30027	0.02126	0.02461	0.00133	0.00133
GCA	GTA	CT	0.67089	0.01639	0.02250	-0.67089	0.03206	0.02250	0.00121	0.00121
GCA	GCT	AT	0.51001	0.00827	0.01056	-0.51001	0.01378	0.01056	0.01056	0.01056
GCA	GCC	AC	0.49669	0.01524	0.01933	-0.49669	0.02504	0.01933	0.01933	0.01933
GCG	TCG	GT	-0.08349	0.01192	0.01142	0.08349	0.01096	0.01142	0.00062	0.00062
GCG	CCG	GC	-0.40442	0.02195	0.01781	0.40442	0.01465	0.01781	0.00096	0.00096
GCG	ACG	GA	-0.26083	0.04135	0.03619	0.26083	0.03185	0.03619	0.00195	0.00195
GCG	GTG	CT	0.96219	0.02361	0.03676	-0.96219	0.06179	0.03676	0.00198	0.00198
GCG	GCT	GT	-0.13705	0.01192	0.01112	0.13705	0.01039	0.01112	0.01112	0.01112
GCG	GCC	GC	-0.15036	0.02195	0.02034	0.15036	0.01888	0.02034	0.02034	0.02034
GCG	GCA	GA	-0.64706	0.04135	0.02940	0.64706	0.02165	0.02940	0.02940	0.02940
GAT	TAT	GT	0.23378	0.02276	0.02553	-0.23378	0.02876	0.02553	0.00138	0.00138
GAT	CAT	GC	-2.34989	0.04192	0.01039	2.34989	0.00400	0.01039	0.00056	0.00056
GAT	AAT	GA	-0.41358	0.07899	0.06378	0.41358	0.05224	0.06378	0.00344	0.00344
GAT	GTT	AT	0.21874	0.02276	0.02534	-0.21874	0.02833	0.02534	0.00137	0.00137
GAT	GCT	AC	-1.11293	0.04192	0.02284	1.11293	0.01378	0.02284	0.00123	0.00123
GAC	TAC	GT	0.47636	0.01421	0.01786	-0.47636	0.02287	0.01786	0.00096	0.00096
GAC	CAC	GC	-2.31858	0.02617	0.00662	2.31858	0.00257	0.00662	0.00036	0.00036
GAC	AAC	GA	0.36714	0.04930	0.05890	-0.36714	0.07117	0.05890	0.00317	0.00317
GAC	GTC	AT	0.36886	0.01421	0.01699	-0.36886	0.02054	0.01699	0.00092	0.00092
GAC	GCC	AC	-0.04406	0.02617	0.02559	0.04406	0.02504	0.02559	0.00138	0.00138
GAC	GAT	CT	1.08219	0.02815	0.04607	-1.08219	0.08307	0.04607	0.04607	0.04607
GAA	CAA	GC	-1.27237	0.05867	0.02906	1.27237	0.01644	0.02906	0.00157	0.00157
GAA	AAA	GA	-0.40532	0.11055	0.08966	0.40532	0.07371	0.08966	0.00483	0.00483
GAA	GTA	AT	-0.72778	0.03186	0.02166	0.72778	0.01539	0.02166	0.00117	0.00117
GAA	GCA	AC	-1.39867	0.05867	0.02691	1.39867	0.01449	0.02691	0.00145	0.00145
GAA	GAT	AT	0.22427	0.03186	0.03556	-0.22427	0.03987	0.03556	0.00192	0.00192
GAA	GAC	AC	-0.85791	0.05867	0.03706	0.85791	0.02488	0.03706	0.00200	0.00200
GAG	CAG	GC	0.02324	0.02613	0.02644	-0.02324	0.02675	0.02644	0.00142	0.00142
GAG	AAG	GA	-0.39506	0.04924	0.04015	0.39506	0.03317	0.04015	0.00216	0.00216
GAG	GTG	AT	0.73714	0.01419	0.02006	-0.73714	0.02966	0.02006	0.00108	0.00108
GAG	GCG	AC	-0.22505	0.02613	0.02330	0.22505	0.02087	0.02330	0.00126	0.00126
GAG	GAT	GT	0.75084	0.01419	0.02018	-0.75084	0.03006	0.02018	0.00109	0.00109
GAG	GAC	GC	-0.33135	0.02613	0.02204	0.33135	0.01876	0.02204	0.00119	0.00119
GAG	GAA	GA	0.52656	0.04924	0.06334	-0.52656	0.08337	0.06334	0.06334	0.06334
GGT	TGT	GT	-4.64193	0.03009	0.00136	4.64193	0.00029	0.00136	0.00007	0.00007
GGT	CGT	GC	-1.01168	0.05541	0.03203	1.01168	0.02015	0.03203	0.00173	0.00173
GGT	AGT	GA	-1.43079	0.10440	0.04695	1.43079	0.02497	0.04695	0.00253	0.00253
GGT	GTT	GT	-0.34238	0.03009	0.02523	0.34238	0.02136	0.02523	0.00136	0.00136
GGT	GCT	GC	-1.67405	0.05541	0.02140	1.67405	0.01039	0.02140	0.00115	0.00115
GGT	GAT	GA	-0.56112	0.10440	0.07784	0.56112	0.05957	0.07784	0.00419	0.00419
GGC	TGC	GT	-4.23840	0.02767	0.00172	4.23840	0.00040	0.00172	0.00009	0.00009
GGC	CGC	GC	-0.94987	0.05096	0.03054	0.94987	0.01971	0.03054	0.00164	0.00164
GGC	AGC	GA	-0.92261	0.09602	0.05844	0.92261	0.03817	0.05844	0.00315	0.00315
GGC	GTC	GT	-0.58003	0.02767	0.02042	0.58003	0.01549	0.02042	0.00110	0.00110
GGC	GCC	GC	-0.99295	0.05096	0.02978	0.99295	0.01888	0.02978	0.00160	0.00160
GGC	GAC	GA	-0.94889	0.09602	0.05757	0.94889	0.03718	0.05757	0.00310	0.00310
GGC	GGT	CT	0.69441	0.05483	0.07605	-0.69441	0.10979	0.07605	0.07605	0.07605
GGA	CGA	GC	-1.40667	0.01111	0.00507	1.40667	0.00272	0.00507	0.00027	0.00027
GGA	AGA	GA	-0.08973	0.02093	0.02000	0.08973	0.01913	0.02000	0.00108	0.00108
GGA	GTA	GT	0.65449	0.00603	0.00822	-0.65449	0.01160	0.00822	0.00044	0.00044
GGA	GCA	GC	-0.01641	0.01111	0.01102	0.01641	0.01093	0.01102	0.00059	0.00059
GGA	GAA	GA	1.38226	0.02093	0.03862	-1.38226	0.08337	0.03862	0.00208	0.00208
GGA	GGT	AT	2.16765	0.00603	0.01476	-2.16765	0.05269	0.01476	0.01476	0.01476
GGA	GGC	AC	1.47323	0.01111	0.02123	-1.47323	0.04846	0.02123	0.02123	0.02123
GGG	TGG	GT	0.14411	0.00778	0.00836	-0.14411	0.00899	0.00836	0.00045	0.00045
GGG	CGG	GC	-1.38027	0.01434	0.00665	1.38027	0.00361	0.00665	0.00036	0.00036
GGG	AGG	GA	-1.39455	0.02701	0.01242	1.39455	0.00670	0.01242	0.00067	0.00067
GGG	GTG	GT	1.05552	0.00778	0.01260	-1.05552	0.02236	0.01260	0.00068	0.00068
GGG	GCG	GC	0.09333	0.01434	0.01501	-0.09333	0.01574	0.01501	0.00081	0.00081
GGG	GAG	GA	0.31838	0.02701	0.03154	-0.31838	0.03714	0.03154	0.00170	0.00170
GGG	GGT	GT	1.63033	0.00778	0.01578	-1.63033	0.03974	0.01578	0.01578	0.01578
GGG	GGC	GC	0.93591	0.01434	0.02207	-0.93591	0.03655	0.02207	0.02207	0.02207
GGG	GGA	GA	-0.53732	0.02701	0.02040	0.53732	0.01578	0.02040	0.02040	0.02040


Histograms
2Ns	FMut	FSub(CodonUsage)	FSubw(after w)

-4.42088	0.01265	0.00080	0.00014
-3.97880	0.00350	0.00037	0.00006
-3.53671	0.00443	0.00057	0.00010
-3.09462	0.00529	0.00084	0.00014
-2.65253	0.03353	0.00785	0.01057
-2.21044	0.01745	0.00554	0.00821
-1.76835	0.05789	0.02543	0.01636
-1.32627	0.10122	0.05602	0.03622
-0.88418	0.17487	0.13009	0.16107
-0.44209	0.19625	0.18379	0.18899
0.00000	0.15094	0.17743	0.15625
0.44209	0.12652	0.18379	0.18899
0.88418	0.07431	0.13009	0.16107
1.32627	0.02606	0.05602	0.03622
1.76835	0.01030	0.02543	0.01636
2.21044	0.00189	0.00554	0.00821
2.65253	0.00232	0.00785	0.01057
3.09462	0.00021	0.00084	0.00014
3.53671	0.00013	0.00057	0.00010
3.97880	0.00008	0.00037	0.00006
4.42088	0.00015	0.00080	0.00014

Proportion of advantageous (S > 0) mutations:
 0.31306

Proportions of good & bad mutations (|S| > 2.0000) among mutations:
0.00458  0.07529

mean |Ns| = 0.90812	mean Ns+ = 0.61056	mean Ns- = -1.04373
