

TREE # 1

  0  0.0000  92056.048842  x:  0.05854   0.03213   0.01127   0.08264   0.01285   0.10822   0.02710   0.02353   0.09803   0.05894   0.01188   0.06648   0.06857   0.07777   0.03749   0.04544   0.10336   0.08136   0.01914   0.08177   0.09352   0.04674   0.01868   0.05205   0.10941   0.05942   0.04518   0.05045   0.10151   0.08327   0.09486   0.09382   0.06489   0.03809   0.04753   0.09324   0.07200   0.04583   0.01176   0.09019   0.05326   0.08145   0.08599   0.03099   0.08046   0.03926   0.07777   0.02783   0.08235   0.10069   0.09822   0.02983   0.09732   0.06459   0.02401   0.10264   0.04277   0.07571   0.09405   0.08998   0.05579   0.06259   0.08296   0.10549   0.03506   0.07059   0.06861   0.07844   0.08836   0.05109   0.08593   0.05169   0.06561   0.04277   0.03409   0.10529   0.03206   0.05599   0.07931   0.05426   0.01126   0.04598   0.07043   0.04385   0.10254   0.03611   0.05951   0.04090   0.05273   0.02688   0.09457   0.09453   0.03677   0.10174   0.02666   0.01476   0.07679   0.01557   0.04856   0.09245   0.10463   0.02691   0.05708   0.05891   0.04711   0.10968   0.10641   0.05881   0.08913   0.05548   0.09449   0.08458   0.04392   0.05236   0.09969   0.09600   0.03546   0.10094   0.05998   0.02316   0.07245   0.10395   0.06180   0.02648   0.06879   0.03995   0.08071   0.06196   0.04003   0.10738   0.09113   0.07538   0.08071   0.09965   0.03736   0.02366   0.10201   0.04739   0.03287   0.09690   0.08461   0.03871   0.03038   0.08959   0.07639   0.10342   0.07957   0.04436   0.03960   0.02216   0.06490   0.06670   0.02726   0.09634   0.09051   0.08416   0.04339   0.08992   0.05450   0.09833   0.01690   0.02883   0.02977   0.05331   0.09370   0.01910   0.04359   0.01867   0.02672   0.01956   0.02307   0.06085   0.01863   0.08007   0.04872   0.05100   0.04687   0.03119   0.03336   0.03297   0.07564   0.08628   0.01846   0.04973   0.03466   0.09195   0.05515   0.10183   0.01930   0.03776   0.01213   0.08608   0.04172   0.01115   0.02759   1.01286   0.89829   0.83859   0.95760   0.15776   0.92566  -0.09491  -0.04317   0.11441   0.28604  -0.24073   0.01948   1.12133   0.94363  -2.26880  -2.26458  -0.13397   0.29918  -0.16019  -1.31481   1.41655  -0.89168  -1.12985  -0.42674   0.48011  -0.57889  -1.04919   0.08544   0.91117   0.84538   0.67246  -1.35790  -1.04895   0.61198   0.87411  -0.92064   0.47159   0.21052   1.13949   0.01281   0.60243   0.90236   1.44418   1.32240   0.52019   0.06233   0.61446  -1.23139  -1.56699   0.86821   0.53375   0.21408   1.02277  -0.15273   0.46557  -0.29877   0.32725   1.43443   0.88765   1.27336   0.63752   1.47515   1.37080  -0.35724   0.55668  
  1 99.0000  73089.345982  x:  0.10214   0.12210   0.24634   0.14411   0.41235   0.12674   0.16078   0.22914   0.12595   0.05847   0.03106   0.06592   0.06065   0.10203   0.11789   0.05955   0.10189   0.12320   0.08149   0.14913   0.15381   0.05512   0.12955   0.11598   0.12042   0.06137   0.04448   0.07711   0.09730   0.09395   0.10002   0.08509   0.06199   0.18868   0.12513   0.08867   0.10382   0.07071   0.14226   0.08076   0.08236   0.08911   0.11853   0.09962   0.12100   0.23809   0.19129   0.20141   0.11968   0.11809   0.11269   0.07761   0.14261   0.23305   0.36960   0.18050   0.14061   0.20441   0.22242   0.23368   0.18600   0.34402   0.28639   0.23102   0.57169   0.24427   0.20740   0.34079   0.35263   0.23184   0.34318   0.31434   0.28501   0.15900   0.42551   0.48183   0.16520   0.16373   0.12028   0.10766   0.14441   0.12506   0.14281   0.06802   0.10256   0.10398   0.13122   0.10192   0.11403   0.10881   0.09923   0.09211   0.08326   0.11106   0.07759   0.11980   0.17053   0.19146   0.11147   0.10453   0.13189   0.22143   0.08643   0.09103   0.05903   0.14415   0.12626   0.11691   0.13434   0.07689   0.13985   0.11752   0.15488   0.13010   0.11664   0.14416   0.08508   0.11785   0.09936   0.20891   0.09735   0.11575   0.06056   0.08950   0.08180   0.04334   0.08886   0.05703   0.04758   0.10303   0.10180   0.10451   0.08232   0.13959   0.06522   0.11582   0.12149   0.09175   0.06357   0.10958   0.09397   0.52141   0.12144   0.09451   0.08072   0.10013   0.11694   0.13703   0.44759   0.10983   0.60125   0.17224   0.05039   0.14013   0.10233   0.09468   0.04063   0.10227   0.04506   0.11840   0.11705   0.02681   0.10246   0.04201   0.07614   0.02763   0.03028   0.13918   0.13240   0.01246   0.10291   0.09395   0.02857   0.07035   0.09408   0.06910   0.11786   0.06974   0.11546   0.11641   0.07577   0.10205   0.16252   0.10954   0.09960   0.10799   0.05443   0.15149   0.06390   0.02560   0.01164   0.06749   0.01887   0.03068   0.01883   1.15666   0.91412   0.84789   0.97260   0.15747   0.92895  -0.09167  -0.04593   0.11448   0.28349  -0.24059   0.01843   1.12920   0.95086  -2.27095  -2.26669  -0.13022   0.29697  -0.16176  -1.31849   1.42371  -0.89420  -1.13179  -0.42839   0.47888  -0.58392  -1.05280   0.08569   0.91817   0.84909   0.67766  -1.36027  -1.05335   0.61372   0.87248  -0.92459   0.47187   0.20895   1.13901   0.00968   0.60107   0.90333   1.44942   1.33306   0.51977   0.06296   0.61490  -1.23284  -1.56984   0.86441   0.52526   0.21273   1.02125  -0.15656   0.46103  -0.30187   0.32485   1.43891   0.88625   1.28194   0.63631   1.48391   1.37844  -0.36112   0.11560  
  2 34110.2055  72477.296097  x:  0.10482   0.12570   0.25300   0.14665   0.42335   0.12669   0.16555   0.23573   0.12779   0.05808   0.03114   0.06575   0.05969   0.10380   0.12214   0.06021   0.10145   0.12697   0.08398   0.15466   0.15925   0.05521   0.13330   0.12006   0.12157   0.06159   0.04453   0.07904   0.09675   0.09534   0.10063   0.08406   0.06148   0.19483   0.12900   0.08761   0.10680   0.07144   0.14522   0.07887   0.08444   0.09022   0.12030   0.10258   0.12359   0.24632   0.19826   0.20845   0.12274   0.11999   0.11414   0.08018   0.14572   0.24184   0.38202   0.18573   0.14576   0.21277   0.23155   0.24179   0.19375   0.35741   0.29798   0.23860   0.59078   0.25168   0.21483   0.35417   0.36693   0.24034   0.35679   0.32545   0.29524   0.16384   0.43910   0.50009   0.17096   0.16992   0.12405   0.11168   0.14885   0.12957   0.14823   0.06964   0.10276   0.10805   0.13608   0.10560   0.11787   0.11283   0.09929   0.09170   0.08631   0.11191   0.07955   0.12324   0.17654   0.19723   0.11478   0.10541   0.13402   0.22846   0.08831   0.09419   0.06033   0.14822   0.12905   0.12153   0.13889   0.07908   0.14468   0.12099   0.16079   0.13470   0.11866   0.14897   0.08833   0.11962   0.10208   0.21593   0.09887   0.11741   0.06025   0.09226   0.08291   0.04385   0.09006   0.05653   0.04838   0.10258   0.10311   0.10788   0.08257   0.14391   0.06689   0.11992   0.12374   0.09490   0.06580   0.11060   0.09444   0.53769   0.12412   0.09505   0.08099   0.09991   0.11953   0.13997   0.46253   0.11245   0.62248   0.17594   0.05159   0.14497   0.10365   0.09611   0.03954   0.10449   0.04357   0.12005   0.12019   0.02624   0.10575   0.04020   0.07350   0.02756   0.02837   0.14233   0.13573   0.01137   0.10570   0.09647   0.02901   0.06912   0.09743   0.07051   0.12228   0.07179   0.11908   0.12009   0.07553   0.10348   0.16692   0.11256   0.10383   0.10983   0.05411   0.15637   0.06591   0.02449   0.01226   0.06453   0.01518   0.03053   0.01780   1.16524   0.91350   0.84560   0.98305   0.15767   0.92960  -0.09133  -0.04631   0.11435   0.28321  -0.24082   0.01822   1.13021   0.95173  -2.27108  -2.26681  -0.12961   0.29641  -0.16194  -1.31900   1.42414  -0.89450  -1.13192  -0.42869   0.47875  -0.58418  -1.05300   0.08585   0.91924   0.84944   0.67823  -1.36074  -1.05398   0.61406   0.87255  -0.92498   0.47263   0.20847   1.13882   0.00900   0.60041   0.90378   1.45054   1.33454   0.51973   0.06326   0.61552  -1.23286  -1.57006   0.86369   0.52423   0.21189   1.02058  -0.15704   0.46068  -0.30228   0.32444   1.44001   0.88631   1.28333   0.63617   1.48445   1.37889  -0.36199   0.20603  
  3 16421.2791  72119.838306  x:  0.10911   0.12503   0.23786   0.14617   0.39657   0.12167   0.16183   0.22653   0.13106   0.05599   0.02746   0.06495   0.05627   0.10732   0.12687   0.06027   0.09878   0.13733   0.08312   0.16861   0.17421   0.05338   0.12895   0.12732   0.12479   0.06216   0.04470   0.08320   0.09435   0.10013   0.10247   0.08000   0.05895   0.19492   0.13232   0.08248   0.11523   0.06957   0.13299   0.07038   0.08881   0.09410   0.12168   0.10310   0.12771   0.24700   0.21004   0.20803   0.13045   0.12557   0.11829   0.08308   0.15168   0.25112   0.37397   0.19563   0.15123   0.22856   0.25131   0.25330   0.20578   0.36755   0.31470   0.25057   0.57760   0.25365   0.22349   0.36822   0.38509   0.24600   0.37283   0.32790   0.30203   0.16376   0.42754   0.51616   0.17217   0.17853   0.13427   0.12056   0.14304   0.13543   0.16034   0.07259   0.10329   0.11403   0.14550   0.11106   0.12426   0.11582   0.09819   0.08945   0.09192   0.11399   0.07812   0.11828   0.18742   0.18956   0.11824   0.10657   0.13876   0.22376   0.09101   0.10284   0.06350   0.16158   0.13842   0.13264   0.15219   0.08496   0.15961   0.13117   0.16751   0.14161   0.12464   0.16325   0.09426   0.12470   0.10696   0.21291   0.10073   0.12288   0.05831   0.09292   0.08545   0.04533   0.09423   0.05442   0.05067   0.10071   0.10686   0.11866   0.08258   0.15728   0.06884   0.12106   0.13072   0.10142   0.07004   0.11249   0.09425   0.52120   0.11829   0.09654   0.08102   0.09849   0.12468   0.13493   0.45454   0.10699   0.62059   0.17247   0.05250   0.16033   0.10726   0.10084   0.03381   0.11310   0.03726   0.12398   0.11508   0.02332   0.10711   0.03294   0.06290   0.02526   0.02074   0.13295   0.13056   0.00725   0.10291   0.10224   0.02878   0.06387   0.10490   0.07313   0.12966   0.07350   0.11998   0.12113   0.07352   0.10703   0.15907   0.11513   0.11149   0.11547   0.05192   0.17073   0.06629   0.02135   0.01557   0.05243   0.00000   0.02573   0.01429   1.19596   0.91258   0.84347   1.01660   0.15875   0.93179  -0.09010  -0.04738   0.11394   0.28223  -0.24165   0.01764   1.13350   0.95467  -2.27157  -2.26722  -0.12756   0.29432  -0.16207  -1.32038   1.42473  -0.89538  -1.13205  -0.42972   0.47802  -0.58514  -1.05361   0.08661   0.92286   0.85041   0.68031  -1.36233  -1.05603   0.61530   0.87264  -0.92606   0.47531   0.20697   1.13781   0.00673   0.59790   0.90571   1.45441   1.33916   0.51960   0.06427   0.61774  -1.23281  -1.57077   0.86119   0.52114   0.20884   1.01789  -0.15852   0.45970  -0.30344   0.32297   1.44346   0.88648   1.28806   0.63556   1.48563   1.38016  -0.36479   0.20420  
  4 3498.8325  71995.849836  x:  0.11070   0.12403   0.22222   0.14926   0.36534   0.11588   0.16110   0.22104   0.13481   0.05986   0.03698   0.06622   0.05815   0.11018   0.12825   0.05787   0.09228   0.13739   0.07823   0.16478   0.17198   0.05019   0.12705   0.12778   0.12404   0.06167   0.04225   0.08465   0.09206   0.09742   0.10158   0.07487   0.05836   0.19747   0.13428   0.07690   0.11415   0.07011   0.12494   0.06075   0.08667   0.09040   0.12416   0.10346   0.13025   0.24825   0.21682   0.20990   0.13052   0.12548   0.11757   0.08003   0.15694   0.26246   0.36783   0.20177   0.15135   0.23047   0.25512   0.26431   0.21299   0.37653   0.32726   0.26504   0.56901   0.25750   0.23275   0.38011   0.39974   0.25191   0.38903   0.33408   0.31081   0.16377   0.41961   0.53709   0.17235   0.18352   0.13115   0.11623   0.13570   0.13759   0.16088   0.06909   0.10142   0.11215   0.14446   0.10900   0.12375   0.11570   0.09616   0.08651   0.08878   0.11210   0.07370   0.11063   0.19525   0.18140   0.12048   0.10510   0.14130   0.22245   0.08992   0.10061   0.05599   0.16070   0.13770   0.12691   0.14927   0.08058   0.15688   0.12948   0.16870   0.14098   0.12341   0.16440   0.08902   0.12403   0.10611   0.21253   0.09914   0.12449   0.05602   0.09240   0.08497   0.04291   0.09328   0.05193   0.04814   0.09798   0.10453   0.11592   0.07592   0.15655   0.06328   0.12059   0.12964   0.09876   0.06821   0.11217   0.09459   0.51082   0.11406   0.09660   0.07985   0.09391   0.12971   0.12988   0.45491   0.10238   0.63022   0.17066   0.04576   0.15857   0.10406   0.10267   0.02820   0.11355   0.03256   0.12282   0.11694   0.02386   0.11118   0.03905   0.04935   0.03758   0.02093   0.12689   0.13273   0.02588   0.10207   0.10266   0.02525   0.05591   0.10288   0.06796   0.12872   0.07124   0.12069   0.12171   0.06769   0.10740   0.15375   0.11756   0.11130   0.11564   0.04651   0.17108   0.05969   0.03083   0.00000   0.03235   0.00000   0.05298   0.02312   1.20337   0.92322   0.86244   1.03425   0.16078   0.93452  -0.08829  -0.04854   0.11375   0.28137  -0.24352   0.01731   1.13860   0.95937  -2.27221  -2.26773  -0.12477   0.29193  -0.16070  -1.32277   1.42377  -0.89588  -1.13127  -0.43173   0.47618  -0.58694  -1.05451   0.08739   0.92835   0.85143   0.68360  -1.36487  -1.05832   0.61703   0.87253  -0.92854   0.47962   0.20454   1.13611   0.00141   0.59392   0.90821   1.46193   1.35090   0.51693   0.06547   0.62101  -1.23313  -1.57199   0.85789   0.51850   0.20278   1.01331  -0.15981   0.45876  -0.30564   0.32088   1.44792   0.88618   1.29698   0.63271   1.48588   1.38168  -0.36970   0.20405  
  5 1969.6518  71837.922835  x:  0.11312   0.12241   0.19669   0.15461   0.31406   0.10640   0.16014   0.21239   0.14090   0.06612   0.05247   0.06829   0.06140   0.11477   0.13030   0.05388   0.08147   0.13698   0.07018   0.15760   0.16741   0.04500   0.12420   0.12815   0.12257   0.06088   0.03827   0.08688   0.08840   0.09266   0.10001   0.06651   0.05754   0.20176   0.13737   0.06783   0.11191   0.07121   0.11223   0.04508   0.08297   0.08406   0.12829   0.10401   0.13425   0.25032   0.22745   0.21312   0.13018   0.12500   0.11615   0.07485   0.16545   0.28105   0.35796   0.21150   0.15118   0.23270   0.26030   0.28216   0.22429   0.39103   0.34733   0.28879   0.55536   0.26389   0.24783   0.39922   0.42325   0.26149   0.41530   0.34439   0.32513   0.16374   0.40691   0.57149   0.17257   0.19142   0.12537   0.10855   0.12366   0.14093   0.16109   0.06318   0.09829   0.10867   0.14219   0.10525   0.12253   0.11535   0.09285   0.08173   0.08332   0.10884   0.06634   0.09803   0.20779   0.16810   0.12408   0.10251   0.14529   0.22059   0.08802   0.09646   0.04322   0.15852   0.13594   0.11677   0.14365   0.07299   0.15149   0.12606   0.17033   0.13953   0.12098   0.16551   0.08003   0.12267   0.10441   0.21215   0.09633   0.12690   0.05236   0.09153   0.08404   0.03888   0.09149   0.04794   0.04394   0.09356   0.10041   0.11080   0.06476   0.15459   0.05394   0.11980   0.12743   0.09401   0.06503   0.11157   0.09519   0.49443   0.10732   0.09662   0.07792   0.08620   0.13793   0.12163   0.45619   0.09493   0.64678   0.16780   0.03447   0.15483   0.09849   0.10555   0.01909   0.11387   0.02505   0.12062   0.12042   0.02467   0.11779   0.04957   0.02714   0.05744   0.02134   0.11732   0.13668   0.05599   0.10076   0.10296   0.01954   0.04283   0.09928   0.05913   0.12675   0.06741   0.12184   0.12264   0.05799   0.10783   0.14532   0.12148   0.11049   0.11578   0.03762   0.17104   0.04929   0.04807   0.01361   0.00000   0.00000   0.09688   0.03745   1.21389   0.94137   0.89440   1.06234   0.16419   0.93902  -0.08527  -0.05044   0.11343   0.27996  -0.24667   0.01679   1.14713   0.96725  -2.27329  -2.26858  -0.12015   0.28799  -0.15836  -1.32677   1.42206  -0.89668  -1.12995  -0.43510   0.47308  -0.58996  -1.05601   0.08870   0.93749   0.85312   0.68908  -1.36911  -1.06208   0.61990   0.87233  -0.93272   0.48683   0.20048   1.13325  -0.00757   0.58726   0.91237   1.47455   1.37073   0.51238   0.06744   0.62644  -1.23366  -1.57401   0.85242   0.51419   0.19264   1.00565  -0.16191   0.45721  -0.30931   0.31740   1.45530   0.88566   1.31195   0.62791   1.48621   1.38420  -0.37786   0.20387  
  6 24321.0115  71721.136500  x:  0.11609   0.12042   0.16545   0.16114   0.25135   0.09480   0.15895   0.20180   0.14834   0.07374   0.07134   0.07081   0.06535   0.12040   0.13284   0.04900   0.06828   0.13653   0.06036   0.14892   0.16192   0.03867   0.12069   0.12863   0.12081   0.05992   0.03343   0.08962   0.08392   0.08688   0.09811   0.05628   0.05653   0.20700   0.14115   0.05674   0.10922   0.07255   0.09666   0.02593   0.07850   0.07635   0.13333   0.10469   0.13915   0.25285   0.24049   0.21704   0.12981   0.12445   0.11444   0.06856   0.17585   0.30379   0.34586   0.22343   0.15101   0.23550   0.26671   0.30399   0.23815   0.40877   0.37190   0.31784   0.53864   0.27171   0.26628   0.42262   0.45203   0.27321   0.44745   0.35698   0.34264   0.16370   0.39136   0.61354   0.17284   0.20110   0.11838   0.09923   0.10894   0.14504   0.16142   0.05598   0.09448   0.10445   0.13948   0.10071   0.12108   0.11495   0.08880   0.07589   0.07669   0.10488   0.05736   0.08262   0.22315   0.15182   0.12849   0.09936   0.15017   0.21830   0.08571   0.09145   0.02767   0.15594   0.13384   0.10446   0.13687   0.06378   0.14499   0.12194   0.17235   0.13780   0.11805   0.16692   0.06909   0.12103   0.10235   0.21168   0.09292   0.12987   0.04788   0.09048   0.08293   0.03397   0.08934   0.04307   0.03884   0.08815   0.09539   0.10461   0.05115   0.15228   0.04256   0.11885   0.12476   0.08825   0.06119   0.11086   0.09593   0.47435   0.09906   0.09664   0.07556   0.07679   0.14798   0.11154   0.45770   0.08582   0.66698   0.16429   0.02070   0.15035   0.09171   0.10909   0.00795   0.11431   0.01586   0.11796   0.12464   0.02565   0.12587   0.06238   0.00000   0.08167   0.02180   0.10561   0.14148   0.09274   0.09914   0.10335   0.01258   0.02685   0.09492   0.04838   0.12440   0.06274   0.12325   0.12378   0.04614   0.10837   0.13500   0.12628   0.10955   0.11599   0.02677   0.17106   0.03659   0.06904   0.02897   0.00070   0.00000   0.15046   0.05489   1.22688   0.96352   0.93339   1.09680   0.16835   0.94453  -0.08158  -0.05276   0.11303   0.27824  -0.25052   0.01614   1.15755   0.97687  -2.27460  -2.26961  -0.11449   0.28316  -0.15549  -1.33167   1.41999  -0.89766  -1.12833  -0.43923   0.46928  -0.59365  -1.05786   0.09030   0.94868   0.85518   0.69578  -1.37429  -1.06670   0.62340   0.87209  -0.93783   0.49564   0.19552   1.12975  -0.01853   0.57913   0.91745   1.48998   1.39497   0.50683   0.06985   0.63308  -1.23431  -1.57648   0.84572   0.50890   0.18025   0.99628  -0.16449   0.45531  -0.31380   0.31314   1.46432   0.88503   1.33023   0.62203   1.48661   1.38727  -0.38783   0.20363  
  7 33354.4024  71621.870353  x:  0.11913   0.11716   0.11121   0.18169   0.13586   0.07640   0.16091   0.18863   0.15850   0.07203   0.08496   0.06938   0.06700   0.12850   0.13580   0.04446   0.04701   0.13774   0.05555   0.13606   0.15266   0.03464   0.11968   0.12731   0.11622   0.06288   0.03896   0.09580   0.08110   0.08168   0.09695   0.04490   0.05777   0.21449   0.14443   0.04398   0.10646   0.08068   0.08528   0.01667   0.08190   0.07318   0.14342   0.10409   0.14413   0.25466   0.25418   0.22440   0.12541   0.12133   0.11263   0.06554   0.19173   0.34360   0.32162   0.23949   0.14451   0.22974   0.26500   0.33828   0.25123   0.43237   0.40461   0.37141   0.50933   0.28530   0.29566   0.45311   0.49068   0.28807   0.49636   0.37913   0.36677   0.15887   0.36147   0.68626   0.17071   0.21453   0.10917   0.09026   0.08314   0.15253   0.15750   0.05479   0.09231   0.09684   0.13347   0.09357   0.11749   0.11433   0.08453   0.07008   0.07506   0.10091   0.04387   0.05700   0.24656   0.12351   0.13673   0.08982   0.15559   0.21703   0.08639   0.08936   0.01376   0.15312   0.12843   0.09326   0.12765   0.05915   0.13576   0.11324   0.17330   0.13172   0.11137   0.16460   0.06319   0.12089   0.09652   0.21520   0.08573   0.13537   0.04705   0.09047   0.08144   0.03576   0.08819   0.04328   0.04593   0.08372   0.08678   0.10040   0.03672   0.14776   0.03736   0.12198   0.11913   0.08347   0.06838   0.11367   0.10078   0.44629   0.08871   0.09633   0.07329   0.05548   0.16624   0.09190   0.46921   0.07101   0.71159   0.15764   0.01795   0.14482   0.08278   0.11932   0.01355   0.11728   0.01725   0.11208   0.13607   0.01927   0.13950   0.09932   0.15599   0.10677   0.01338   0.09343   0.15205   0.14505   0.09377   0.10126   0.02523   0.01446   0.09939   0.03997   0.12232   0.05970   0.12441   0.12570   0.03148   0.11156   0.12249   0.13366   0.11144   0.11813   0.02383   0.16983   0.03536   0.08692   0.04710   0.00137   0.00000   0.23730   0.04736   1.22758   1.01018   1.00380   1.16979   0.17855   0.95759  -0.07254  -0.05793   0.11160   0.27336  -0.26035   0.01467   1.18298   1.00053  -2.27751  -2.27192  -0.10178   0.27213  -0.14835  -1.34397   1.41265  -0.89988  -1.12472  -0.44963   0.45903  -0.60293  -1.06262   0.09487   0.97513   0.85904   0.71153  -1.38659  -1.07632   0.63096   0.87088  -0.94990   0.51652   0.18294   1.12042  -0.04627   0.55932   0.92932   1.52907   1.45923   0.49209   0.07532   0.64867  -1.23571  -1.58180   0.83050   0.49676   0.15207   0.97274  -0.16981   0.45047  -0.32483   0.30268   1.48426   0.88329   1.37518   0.60809   1.48380   1.39412  -0.40924   0.20174  
  8 2566.8530  71503.040959  x:  0.11804   0.11547   0.09300   0.21497   0.11151   0.08189   0.16932   0.18860   0.15897   0.05686   0.07695   0.06380   0.06242   0.13073   0.13397   0.04870   0.04455   0.14196   0.07055   0.13772   0.15281   0.04241   0.12438   0.12350   0.11170   0.06097   0.03909   0.09849   0.08683   0.08641   0.09862   0.05428   0.06108   0.21316   0.14014   0.05275   0.10739   0.08852   0.10206   0.06250   0.08981   0.08143   0.15299   0.10073   0.14163   0.24894   0.24832   0.22711   0.11930   0.11776   0.11219   0.07357   0.19846   0.36761   0.29688   0.24240   0.13201   0.21360   0.24810   0.35300   0.24025   0.43137   0.40767   0.41011   0.48234   0.29179   0.30872   0.45290   0.49414   0.28569   0.51294   0.38945   0.36833   0.14627   0.33295   0.72574   0.16383   0.21631   0.11183   0.10043   0.07112   0.15654   0.15009   0.06382   0.09515   0.09443   0.13075   0.09315   0.11492   0.11344   0.08625   0.07376   0.08306   0.10208   0.04527   0.05309   0.25540   0.11087   0.14267   0.07850   0.15372   0.21719   0.09453   0.09842   0.04110   0.15631   0.12473   0.10855   0.12983   0.07671   0.13813   0.10977   0.16988   0.12567   0.10615   0.15873   0.07707   0.12277   0.09027   0.22186   0.07956   0.13828   0.05218   0.09012   0.08124   0.04178   0.08825   0.04881   0.04848   0.08531   0.08303   0.11001   0.05101   0.14579   0.05232   0.12547   0.11489   0.09014   0.07876   0.11871   0.10739   0.43549   0.08998   0.09490   0.07501   0.03726   0.17803   0.07696   0.48322   0.06527   0.74393   0.15181   0.03755   0.14460   0.07981   0.12138   0.01296   0.11316   0.03011   0.10735   0.14316   0.00029   0.12722   0.11086   0.14678   0.11275   0.00000   0.10132   0.15770   0.18492   0.09036   0.09815   0.02507   0.04473   0.10719   0.05644   0.12310   0.06434   0.12091   0.12572   0.03711   0.11313   0.12404   0.13323   0.11508   0.11797   0.04123   0.16407   0.05175   0.08460   0.05266   0.00140   0.00000   0.31071   0.01062   1.19723   1.04911   1.05122   1.23949   0.19056   0.97224  -0.06207  -0.06298   0.10931   0.26690  -0.27290   0.01304   1.21302   1.02805  -2.28047  -2.27431  -0.08868   0.26010  -0.13977  -1.35887   1.39997  -0.90228  -1.12109  -0.46234   0.44553  -0.61425  -1.06853   0.10117   1.00470   0.86164   0.72914  -1.40061  -1.08501   0.63824   0.86830  -0.96381   0.54005   0.16734   1.10822  -0.08058   0.53597   0.94192   1.57761   1.54474   0.47271   0.08130   0.66620  -1.23700  -1.58674   0.81354   0.48437   0.12191   0.94448  -0.17515   0.44511  -0.33782   0.29047   1.50436   0.88072   1.42817   0.59303   1.47553   1.39978  -0.43013   0.19847  
  9 1123.5840  71458.583952  x:  0.11778   0.11537   0.09361   0.22667   0.12263   0.08681   0.17161   0.18960   0.15746   0.05218   0.06952   0.06303   0.06023   0.12976   0.13270   0.04931   0.04472   0.14311   0.07139   0.14052   0.15546   0.04237   0.12502   0.12365   0.11144   0.06069   0.04043   0.09694   0.08731   0.08718   0.09872   0.05513   0.06054   0.21135   0.13829   0.05397   0.10743   0.08739   0.10151   0.05804   0.08842   0.08038   0.15614   0.09942   0.14038   0.24687   0.24546   0.22732   0.11939   0.11806   0.11185   0.07479   0.19975   0.37365   0.28918   0.24320   0.12981   0.21300   0.24686   0.35585   0.23366   0.42818   0.40576   0.42182   0.47328   0.29332   0.31117   0.44924   0.49134   0.28221   0.51405   0.39128   0.36544   0.14101   0.32401   0.73397   0.16110   0.21564   0.11254   0.10309   0.07053   0.15730   0.15008   0.06375   0.09506   0.09599   0.13231   0.09489   0.11575   0.11361   0.08649   0.07445   0.08345   0.10231   0.04749   0.05454   0.25640   0.11007   0.14410   0.07635   0.15280   0.21710   0.09644   0.09871   0.03794   0.15619   0.12392   0.11057   0.13170   0.07668   0.13966   0.11191   0.16995   0.12632   0.10514   0.15891   0.07776   0.12222   0.08991   0.22410   0.07856   0.13909   0.05207   0.08968   0.08150   0.04152   0.08857   0.04848   0.04870   0.08571   0.08264   0.11090   0.05189   0.14594   0.05089   0.12517   0.11453   0.09243   0.07776   0.11911   0.10862   0.43407   0.09168   0.09414   0.07554   0.03341   0.18134   0.07312   0.48696   0.06559   0.75142   0.14997   0.03590   0.14571   0.08006   0.12122   0.01496   0.11472   0.02890   0.10564   0.14375   0.00746   0.12350   0.11143   0.14816   0.11044   0.00000   0.10384   0.15659   0.19463   0.08943   0.09898   0.02564   0.04154   0.10635   0.05494   0.12265   0.06448   0.11996   0.12489   0.03744   0.11226   0.12497   0.13207   0.11440   0.11683   0.03900   0.16364   0.05019   0.07746   0.05438   0.00141   0.00000   0.33194   0.00043   1.18996   1.05795   1.06137   1.26811   0.19534   0.97834  -0.05793  -0.06484   0.10815   0.26406  -0.27850   0.01241   1.22562   1.03927  -2.28160  -2.27524  -0.08371   0.25514  -0.13640  -1.36515   1.39381  -0.90340  -1.11985  -0.46767   0.43964  -0.61904  -1.07107   0.10380   1.01664   0.86221   0.73626  -1.40639  -1.08799   0.64087   0.86695  -0.96974   0.54955   0.16048   1.10290  -0.09530   0.52615   0.94663   1.59871   1.58394   0.46423   0.08376   0.67343  -1.23750  -1.58845   0.80658   0.47956   0.10988   0.93299  -0.17729   0.44287  -0.34328   0.28562   1.51195   0.87956   1.45024   0.58738   1.47094   1.40190  -0.43793   0.19724  
 10 1673.6823  71227.132995  x:  0.11539   0.11457   0.09993   0.32894   0.22013   0.13013   0.19177   0.19889   0.14381   0.00977   0.00198   0.05547   0.04023   0.12100   0.12173   0.05551   0.04739   0.15419   0.08105   0.16671   0.17993   0.04341   0.13106   0.12516   0.10925   0.05831   0.05257   0.08389   0.09228   0.09523   0.10004   0.06418   0.05611   0.19505   0.12186   0.06608   0.10895   0.07807   0.09952   0.02577   0.07852   0.07368   0.18346   0.08788   0.12915   0.22843   0.21973   0.22894   0.12027   0.12082   0.10947   0.08703   0.21052   0.42542   0.22212   0.24959   0.11038   0.20752   0.23559   0.37968   0.17517   0.39926   0.38784   0.52308   0.39455   0.30634   0.33175   0.41595   0.46532   0.25096   0.52220   0.40669   0.33901   0.09477   0.24624   0.80399   0.13720   0.20940   0.12042   0.12858   0.06597   0.16401   0.15031   0.06527   0.09504   0.11013   0.14644   0.11067   0.12332   0.11522   0.08906   0.08116   0.08892   0.10501   0.06754   0.06801   0.26465   0.10361   0.15655   0.05746   0.14448   0.21643   0.11404   0.10346   0.01570   0.15696   0.11772   0.13167   0.14978   0.07984   0.15502   0.13115   0.17052   0.13205   0.09686   0.16089   0.08692   0.11837   0.08686   0.24386   0.06999   0.14634   0.05205   0.08615   0.08407   0.04075   0.09197   0.04668   0.05196   0.08982   0.07988   0.12114   0.06244   0.14845   0.04183   0.12318   0.11197   0.11381   0.07127   0.12324   0.11963   0.42261   0.10703   0.08761   0.08059   0.00000   0.20986   0.03981   0.51974   0.06861   0.81599   0.13382   0.02573   0.15711   0.08305   0.11996   0.03299   0.12816   0.02057   0.09146   0.14830   0.06442   0.08947   0.11528   0.16654   0.08701   0.00000   0.12689   0.14639   0.27591   0.08119   0.10616   0.03184   0.01861   0.10138   0.04537   0.11993   0.06694   0.11142   0.11772   0.04210   0.10523   0.13384   0.12168   0.10976   0.10758   0.02300   0.16074   0.04044   0.01249   0.07000   0.00158   0.00000   0.51298   0.00904   1.12570   1.13429   1.14729   1.51875   0.23714   1.03156  -0.02176  -0.08104   0.09800   0.23918  -0.32743   0.00692   1.33568   1.13729  -2.29144  -2.28330  -0.04035   0.21183  -0.10697  -1.42001   1.33990  -0.91314  -1.10912  -0.51422   0.38811  -0.66086  -1.09328   0.12678   1.12082   0.86711   0.79834  -1.45685  -1.11392   0.66373   0.85506  -1.02153   0.63247   0.10053   1.05635  -0.22389   0.44039   0.98771   1.78307   1.92672   0.39008   0.10520   0.73650  -1.24186  -1.60334   0.74590   0.43746   0.00501   0.83252  -0.19594   0.42327  -0.39102   0.24318   1.57816   0.86946   1.64306   0.53806   1.43065   1.42038  -0.50582   0.18622  
 11 34092.7008  71227.132995  x:  0.11539   0.11457   0.09993   0.32894   0.22013   0.13013   0.19177   0.19889   0.14381   0.00977   0.00198   0.05547   0.04023   0.12100   0.12173   0.05551   0.04739   0.15419   0.08105   0.16671   0.17993   0.04341   0.13106   0.12516   0.10925   0.05831   0.05257   0.08389   0.09228   0.09523   0.10004   0.06418   0.05611   0.19505   0.12186   0.06608   0.10895   0.07807   0.09952   0.02577   0.07852   0.07368   0.18346   0.08788   0.12915   0.22843   0.21973   0.22894   0.12027   0.12082   0.10947   0.08703   0.21052   0.42542   0.22212   0.24959   0.11038   0.20752   0.23559   0.37968   0.17517   0.39926   0.38784   0.52308   0.39455   0.30634   0.33175   0.41595   0.46532   0.25096   0.52220   0.40669   0.33901   0.09477   0.24624   0.80399   0.13720   0.20940   0.12042   0.12858   0.06597   0.16401   0.15031   0.06527   0.09504   0.11013   0.14644   0.11067   0.12332   0.11522   0.08906   0.08116   0.08892   0.10501   0.06754   0.06801   0.26465   0.10361   0.15655   0.05746   0.14448   0.21643   0.11404   0.10346   0.01570   0.15696   0.11772   0.13167   0.14978   0.07984   0.15502   0.13115   0.17052   0.13205   0.09686   0.16089   0.08692   0.11837   0.08686   0.24386   0.06999   0.14634   0.05205   0.08615   0.08407   0.04075   0.09197   0.04668   0.05196   0.08982   0.07988   0.12114   0.06244   0.14845   0.04183   0.12318   0.11197   0.11381   0.07127   0.12324   0.11963   0.42261   0.10703   0.08761   0.08059   0.00000   0.20986   0.03981   0.51974   0.06861   0.81599   0.13382   0.02573   0.15711   0.08305   0.11996   0.03299   0.12816   0.02057   0.09146   0.14830   0.06442   0.08947   0.11528   0.16654   0.08701   0.00000   0.12689   0.14639   0.27591   0.08119   0.10616   0.03184   0.01861   0.10138   0.04537   0.11993   0.06694   0.11142   0.11772   0.04210   0.10523   0.13384   0.12168   0.10976   0.10758   0.02300   0.16074   0.04044   0.01249   0.07000   0.00158   0.00000   0.51298   0.00904   1.12570   1.13429   1.14729   1.51875   0.23714   1.03156  -0.02176  -0.08104   0.09800   0.23918  -0.32743   0.00692   1.33568   1.13729  -2.29144  -2.28330  -0.04035   0.21183  -0.10697  -1.42001   1.33990  -0.91314  -1.10912  -0.51422   0.38811  -0.66086  -1.09328   0.12678   1.12082   0.86711   0.79834  -1.45685  -1.11392   0.66373   0.85506  -1.02153   0.63247   0.10053   1.05635  -0.22389   0.44039   0.98771   1.78307   1.92672   0.39008   0.10520   0.73650  -1.24186  -1.60334   0.74590   0.43746   0.00501   0.83252  -0.19594   0.42327  -0.39102   0.24318   1.57816   0.86946   1.64306   0.53806   1.43065   1.42038  -0.50582   0.18622  
 12 13903.0427  70995.483479  x:  0.11675   0.11586   0.10207   0.32826   0.22229   0.12878   0.19240   0.20061   0.14444   0.03466   0.03798   0.05606   0.04099   0.12104   0.12410   0.05550   0.04706   0.15676   0.08135   0.17061   0.18394   0.04297   0.13167   0.12780   0.11021   0.05796   0.05134   0.08495   0.09123   0.09611   0.10021   0.06285   0.05503   0.19741   0.12428   0.06462   0.11156   0.07750   0.09955   0.02518   0.08071   0.07563   0.18347   0.08912   0.13057   0.23236   0.22435   0.23152   0.12281   0.12233   0.11052   0.08803   0.21174   0.42866   0.22840   0.25262   0.11431   0.21446   0.24336   0.38348   0.17957   0.40565   0.39404   0.52599   0.40288   0.30955   0.33490   0.42258   0.47253   0.25448   0.52796   0.41107   0.34340   0.09740   0.25324   0.81080   0.13976   0.21221   0.12307   0.13103   0.06818   0.16581   0.15446   0.06618   0.09494   0.11242   0.14949   0.11244   0.12558   0.11700   0.08855   0.08019   0.09074   0.10541   0.06793   0.06883   0.26736   0.10614   0.15765   0.05866   0.14577   0.21873   0.11432   0.10601   0.01832   0.16127   0.12068   0.13502   0.15334   0.08185   0.15937   0.13382   0.17390   0.13495   0.09880   0.16549   0.08914   0.11972   0.08865   0.24608   0.07084   0.14728   0.05132   0.08726   0.08464   0.04109   0.09291   0.04582   0.05219   0.08897   0.08103   0.12401   0.06229   0.15260   0.04336   0.12494   0.11391   0.11550   0.07290   0.12375   0.11908   0.42904   0.10749   0.08774   0.08037   0.00293   0.21070   0.04171   0.52446   0.06997   0.82282   0.13514   0.02728   0.16176   0.08398   0.12050   0.03034   0.12950   0.01873   0.09383   0.14763   0.06115   0.09058   0.11109   0.16194   0.08380   0.00000   0.12672   0.14573   0.27169   0.08222   0.10758   0.03125   0.01892   0.10467   0.04723   0.12329   0.06788   0.11310   0.11932   0.04185   0.10612   0.13477   0.12281   0.11301   0.10952   0.02431   0.16563   0.04276   0.01257   0.06651   0.00940   0.00000   0.50845   0.00592   1.13800   1.13212   1.14376   1.52459   0.23741   1.03197  -0.02153  -0.08109   0.09785   0.23885  -0.32789   0.00688   1.33661   1.13798  -2.29156  -2.28342  -0.04002   0.21134  -0.10699  -1.42046   1.33954  -0.91338  -1.10923  -0.51459   0.38772  -0.66128  -1.09355   0.12690   1.12152   0.86712   0.79881  -1.45724  -1.11410   0.66383   0.85479  -1.02205   0.63287   0.10003   1.05575  -0.22490   0.43975   0.98776   1.78460   1.93140   0.38957   0.10539   0.73692  -1.24193  -1.60341   0.74540   0.43686   0.00438   0.83196  -0.19621   0.42295  -0.39143   0.24289   1.57843   0.86936   1.64447   0.53812   1.43060   1.42060  -0.50620   0.13901  
 13 6765.3551  70640.924249  x:  0.12007   0.11900   0.10739   0.32678   0.22781   0.12553   0.19411   0.20492   0.14597   0.05676   0.06545   0.05648   0.04137   0.12132   0.12994   0.05545   0.04623   0.16313   0.08213   0.18021   0.19382   0.04182   0.13327   0.13428   0.11259   0.05710   0.04835   0.08756   0.08868   0.09823   0.10058   0.05959   0.05243   0.20328   0.13021   0.06106   0.11792   0.07607   0.09962   0.02363   0.08590   0.08020   0.18376   0.09224   0.13429   0.24218   0.23590   0.23817   0.12902   0.12616   0.11309   0.09045   0.21501   0.43714   0.24424   0.26031   0.12406   0.23153   0.26252   0.39312   0.19089   0.42182   0.40977   0.53363   0.42403   0.31760   0.34309   0.43941   0.49080   0.26354   0.54272   0.42224   0.35451   0.10411   0.27078   0.82802   0.14620   0.21934   0.12958   0.13708   0.07373   0.17044   0.16478   0.06832   0.09473   0.11817   0.15704   0.11690   0.13119   0.12149   0.08729   0.07788   0.09516   0.10637   0.06895   0.07088   0.27423   0.11248   0.16044   0.06161   0.14903   0.22457   0.11510   0.11232   0.02428   0.17183   0.12809   0.14324   0.16219   0.08682   0.17007   0.14054   0.18234   0.14210   0.10365   0.17685   0.09450   0.12308   0.09316   0.25177   0.07294   0.14975   0.04959   0.08996   0.08607   0.04195   0.09522   0.04379   0.05275   0.08689   0.08391   0.13115   0.06191   0.16286   0.04699   0.12940   0.11871   0.11971   0.07686   0.12497   0.11778   0.44529   0.10867   0.08808   0.07990   0.00913   0.21284   0.04616   0.53650   0.07328   0.84026   0.13843   0.03065   0.17320   0.08631   0.12197   0.02376   0.13288   0.01417   0.09951   0.14605   0.05301   0.09334   0.10056   0.15034   0.07580   0.00000   0.12634   0.14411   0.26119   0.08469   0.11108   0.02983   0.01958   0.11261   0.05160   0.13151   0.07021   0.11730   0.12329   0.04122   0.10834   0.13712   0.12565   0.12100   0.11429   0.02703   0.17759   0.04808   0.01249   0.05780   0.01004   0.00000   0.49717   0.00000   1.16247   1.12495   1.13206   1.54294   0.23808   1.03307  -0.02101  -0.08124   0.09744   0.23803  -0.32922   0.00678   1.33900   1.13971  -2.29181  -2.28364  -0.03917   0.21003  -0.10713  -1.42175   1.33865  -0.91400  -1.10953  -0.51565   0.38680  -0.66218  -1.09416   0.12719   1.12343   0.86717   0.79989  -1.45837  -1.11458   0.66411   0.85422  -1.02341   0.63419   0.09862   1.05421  -0.22772   0.43804   0.98795   1.78885   1.94382   0.38823   0.10595   0.73820  -1.24208  -1.60357   0.74403   0.43524   0.00242   0.83055  -0.19695   0.42214  -0.39259   0.24217   1.57939   0.86914   1.64823   0.53824   1.43042   1.42091  -0.50740   0.15940  
 14 5757.6881  70121.170289  x:  0.13040   0.12876   0.12393   0.32217   0.24498   0.11541   0.19942   0.21832   0.15075   0.12542   0.15082   0.05779   0.04258   0.12217   0.14808   0.05528   0.04363   0.18294   0.08455   0.21005   0.22457   0.03827   0.13824   0.15445   0.11997   0.05442   0.03907   0.09567   0.08074   0.10481   0.10172   0.04945   0.04434   0.22152   0.14866   0.04997   0.13769   0.07162   0.09985   0.01884   0.10205   0.09439   0.18468   0.10193   0.14583   0.27268   0.27178   0.25886   0.14833   0.13807   0.12108   0.09798   0.22516   0.46349   0.29347   0.28423   0.15437   0.28461   0.32206   0.42313   0.22610   0.47209   0.45868   0.55737   0.48980   0.34266   0.36855   0.49172   0.54760   0.29172   0.58863   0.45698   0.38905   0.12496   0.32530   0.88157   0.16622   0.24152   0.14983   0.15589   0.09101   0.18485   0.19687   0.07496   0.09406   0.13605   0.18054   0.13076   0.14862   0.13544   0.08336   0.07071   0.10888   0.10936   0.07211   0.07727   0.29561   0.13222   0.16913   0.07079   0.15919   0.24271   0.11753   0.13195   0.04281   0.20465   0.15114   0.16881   0.18971   0.10227   0.20334   0.16145   0.20858   0.16434   0.11874   0.21218   0.11115   0.13353   0.10719   0.26946   0.07948   0.15745   0.04421   0.09836   0.09052   0.04463   0.10242   0.03747   0.05451   0.08043   0.09285   0.15333   0.06074   0.19473   0.05827   0.14327   0.13363   0.13279   0.08917   0.12877   0.11372   0.49582   0.11233   0.08911   0.07842   0.02842   0.21948   0.06003   0.57394   0.08357   0.89448   0.14865   0.04111   0.20876   0.09357   0.12654   0.00333   0.14339   0.00000   0.11717   0.14115   0.02769   0.10193   0.06783   0.11428   0.05092   0.00000   0.12516   0.13907   0.22852   0.09235   0.12196   0.02541   0.02161   0.13729   0.06520   0.15706   0.07747   0.13036   0.13563   0.03926   0.11524   0.14444   0.13447   0.14587   0.12911   0.03550   0.21479   0.06462   0.01223   0.03074   0.01202   0.00120   0.46211   0.00217   1.23856   1.10268   1.09569   1.59997   0.24015   1.03649  -0.01941  -0.08171   0.09615   0.23548  -0.33336   0.00646   1.34642   1.14508  -2.29258  -2.28434  -0.03650   0.20598  -0.10758  -1.42575   1.33588  -0.91592  -1.11046  -0.51893   0.38396  -0.66496  -1.09603   0.12809   1.12939   0.86732   0.80326  -1.46187  -1.11605   0.66498   0.85245  -1.02764   0.63827   0.09424   1.04942  -0.23650   0.43273   0.98853   1.80207   1.98246   0.38404   0.10770   0.74216  -1.24254  -1.60404   0.73976   0.43020  -0.00369   0.82616  -0.19923   0.41961  -0.39621   0.23993   1.58236   0.86847   1.65993   0.53864   1.42986   1.42188  -0.51113   0.22247  
 15 1108614.6614  70044.666501  x:  0.13105   0.12936   0.12511   0.32169   0.24629   0.11447   0.19978   0.21927   0.15097   0.12315   0.14656   0.05764   0.04230   0.12218   0.14931   0.05515   0.04332   0.18433   0.08458   0.21211   0.22673   0.03791   0.13853   0.15582   0.12039   0.05431   0.03856   0.09622   0.08014   0.10520   0.10176   0.04871   0.04375   0.22283   0.14990   0.04917   0.13900   0.07124   0.09986   0.01855   0.10295   0.09515   0.18462   0.10254   0.14659   0.27490   0.27441   0.26041   0.14962   0.13883   0.12156   0.09840   0.22585   0.46554   0.29719   0.28594   0.15642   0.28833   0.32632   0.42545   0.22876   0.47599   0.46250   0.55926   0.49492   0.34456   0.37055   0.49581   0.55206   0.29390   0.59230   0.45972   0.39173   0.12639   0.32938   0.88590   0.16761   0.24311   0.15116   0.15710   0.09209   0.18582   0.19909   0.07529   0.09392   0.13721   0.18214   0.13164   0.14977   0.13636   0.08302   0.07013   0.10973   0.10948   0.07215   0.07759   0.29720   0.13354   0.16967   0.07130   0.15985   0.24404   0.11754   0.13318   0.04363   0.20685   0.15264   0.17050   0.19160   0.10313   0.20561   0.16285   0.21042   0.16582   0.11966   0.21465   0.11215   0.13417   0.10805   0.27077   0.07979   0.15795   0.04378   0.09886   0.09075   0.04476   0.10286   0.03705   0.05459   0.07993   0.09335   0.15481   0.06043   0.19690   0.05877   0.14416   0.13458   0.13363   0.08982   0.12883   0.11324   0.49978   0.11247   0.08913   0.07827   0.02919   0.21986   0.06077   0.57693   0.08411   0.89893   0.14925   0.04150   0.21119   0.09393   0.12688   0.00229   0.14420   0.00007   0.11829   0.14083   0.02578   0.10265   0.06505   0.11110   0.04890   0.00000   0.12505   0.13865   0.22563   0.09276   0.12263   0.02507   0.02155   0.13884   0.06581   0.15869   0.07782   0.13120   0.13640   0.03897   0.11563   0.14490   0.13503   0.14752   0.13001   0.03561   0.21731   0.06533   0.01235   0.02896   0.00876   0.00000   0.45898   0.00223   1.24467   1.10152   1.09376   1.60314   0.24036   1.03674  -0.01930  -0.08168   0.09607   0.23531  -0.33370   0.00647   1.34696   1.14548  -2.29265  -2.28440  -0.03630   0.20568  -0.10755  -1.42605   1.33561  -0.91604  -1.11050  -0.51920   0.38373  -0.66520  -1.09618   0.12817   1.12981   0.86734   0.80354  -1.46214  -1.11613   0.66504   0.85228  -1.02797   0.63854   0.09395   1.04900  -0.23719   0.43232   0.98859   1.80294   1.98537   0.38375   0.10783   0.74245  -1.24257  -1.60407   0.73947   0.42989  -0.00420   0.82585  -0.19937   0.41945  -0.39648   0.23978   1.58247   0.86844   1.66070   0.53873   1.42984   1.42197  -0.51140   0.21973  
 16 9075.6843  69127.433303  x:  0.13335   0.13062   0.14260   0.30535   0.27262   0.08502   0.20525   0.23519   0.15293   0.07125   0.05246   0.05671   0.04457   0.11957   0.16318   0.04477   0.03034   0.20309   0.07452   0.23839   0.25777   0.02609   0.13869   0.17114   0.11849   0.05954   0.04836   0.10292   0.07352   0.10365   0.09917   0.04508   0.03871   0.24242   0.16355   0.04536   0.15128   0.06436   0.09962   0.02005   0.10215   0.09178   0.17683   0.10536   0.15503   0.31146   0.31943   0.29037   0.16271   0.14441   0.12167   0.09551   0.23509   0.51405   0.37221   0.31485   0.18319   0.34596   0.39774   0.47589   0.28428   0.56084   0.54760   0.60675   0.60997   0.38208   0.41758   0.58785   0.65268   0.34185   0.68153   0.52336   0.44992   0.14716   0.40883   0.99114   0.18703   0.26935   0.16230   0.16644   0.10010   0.19792   0.23092   0.07048   0.08569   0.14821   0.20188   0.13742   0.15998   0.14551   0.07600   0.06068   0.11309   0.10419   0.05948   0.07224   0.32621   0.14904   0.17204   0.06832   0.16427   0.26665   0.10620   0.14394   0.03507   0.23465   0.16896   0.18824   0.21575   0.10440   0.23612   0.17943   0.23635   0.18108   0.12482   0.25224   0.11490   0.13569   0.11211   0.29551   0.07207   0.16322   0.03815   0.09868   0.08796   0.04427   0.10419   0.03871   0.05323   0.07381   0.09111   0.17234   0.03945   0.22524   0.04967   0.15256   0.14054   0.13934   0.08878   0.11982   0.09565   0.58778   0.10720   0.08686   0.07287   0.02456   0.22122   0.05860   0.64857   0.08146   1.01361   0.15026   0.02801   0.24465   0.09012   0.13499   0.16743   0.15667   0.03948   0.11852   0.14259   0.03020   0.12300   0.00000   0.01627   0.01757   0.00000   0.12422   0.12949   0.13674   0.08903   0.12403   0.01998   0.00832   0.14839   0.06017   0.17407   0.07345   0.13722   0.14023   0.02558   0.11645   0.14736   0.13886   0.16626   0.13449   0.01284   0.25086   0.05317   0.02188   0.07766   0.20880   0.00000   0.35941   0.00373   1.31269   1.09765   1.08873   1.61946   0.24896   1.04166  -0.01890  -0.07695   0.09598   0.23394  -0.34527   0.00965   1.35680   1.15365  -2.29400  -2.28548  -0.03170   0.19936  -0.10328  -1.43354   1.32606  -0.91650  -1.10891  -0.52790   0.37860  -0.67059  -1.09863   0.12974   1.13790   0.86779   0.81014  -1.46865  -1.11603   0.66600   0.84835  -1.03546   0.64373   0.08977   1.03645  -0.25742   0.42360   0.99190   1.81503   2.04752   0.38089   0.11131   0.74997  -1.24291  -1.60395   0.73374   0.42809  -0.02358   0.82203  -0.20059   0.41826  -0.40428   0.23834   1.57853   0.87020   1.66832   0.54713   1.43069   1.42439  -0.51960   0.19259  
 17 4756.3502  68980.537475  x:  0.13381   0.13086   0.14613   0.30198   0.27797   0.07899   0.20635   0.23839   0.15332   0.06087   0.03346   0.05650   0.04494   0.11906   0.16598   0.04277   0.02783   0.20687   0.07250   0.24364   0.26400   0.02387   0.13873   0.17419   0.11809   0.06041   0.05000   0.10428   0.07223   0.10336   0.09867   0.04435   0.03770   0.24635   0.16626   0.04458   0.15371   0.06300   0.09956   0.02025   0.10202   0.09114   0.17521   0.10588   0.15669   0.31880   0.32849   0.29643   0.16531   0.14551   0.12169   0.09494   0.23693   0.52394   0.38741   0.32066   0.18852   0.35753   0.41212   0.48613   0.29553   0.57806   0.56489   0.61646   0.63336   0.38965   0.42715   0.60655   0.67313   0.35159   0.69972   0.53631   0.46172   0.15129   0.42489   1.01261   0.19092   0.27465   0.16450   0.16828   0.10167   0.20035   0.23731   0.06958   0.08410   0.15038   0.20583   0.13855   0.16201   0.14733   0.07464   0.05884   0.11377   0.10316   0.05689   0.07115   0.33208   0.15214   0.17251   0.06769   0.16514   0.27120   0.10389   0.14610   0.03327   0.24024   0.17221   0.19176   0.22057   0.10463   0.24225   0.18274   0.24154   0.18410   0.12582   0.25982   0.11544   0.13598   0.11288   0.30053   0.07045   0.16430   0.03706   0.09867   0.08742   0.04421   0.10444   0.03899   0.05299   0.07261   0.09063   0.17589   0.03524   0.23094   0.04787   0.15426   0.14172   0.14047   0.08862   0.11804   0.09212   0.60566   0.10615   0.08643   0.07184   0.02369   0.22150   0.05815   0.66318   0.08092   1.03706   0.15044   0.02535   0.25139   0.08932   0.13650   0.19974   0.15881   0.04588   0.11864   0.14268   0.03069   0.12715   0.01324   0.00000   0.01168   0.00000   0.12403   0.12773   0.11844   0.08838   0.12428   0.01900   0.00617   0.15032   0.05909   0.17716   0.07258   0.13841   0.14099   0.02299   0.11664   0.14786   0.13960   0.17009   0.13548   0.00860   0.25761   0.05087   0.02298   0.08664   0.24865   0.00000   0.33881   0.00403   1.32633   1.09698   1.08784   1.62244   0.25075   1.04265  -0.01883  -0.07595   0.09598   0.23366  -0.34766   0.01032   1.35879   1.15531  -2.29427  -2.28571  -0.03076   0.19807  -0.10238  -1.43508   1.32407  -0.91659  -1.10857  -0.52969   0.37754  -0.67170  -1.09912   0.13008   1.13954   0.86787   0.81149  -1.46999  -1.11599   0.66620   0.84753  -1.03699   0.64478   0.08893   1.03386  -0.26157   0.42182   0.99260   1.81742   2.06013   0.38037   0.11203   0.75151  -1.24296  -1.60391   0.73257   0.42774  -0.02757   0.82126  -0.20082   0.41803  -0.40587   0.23806   1.57765   0.87058   1.66978   0.54892   1.43088   1.42487  -0.52127   0.18706  
 18 37464.3524  68763.210554  x:  0.13447   0.13114   0.15223   0.29581   0.28740   0.06806   0.20824   0.24389   0.15395   0.04279   0.00000   0.05606   0.04529   0.11823   0.17072   0.03955   0.02378   0.21335   0.06892   0.25246   0.27461   0.02057   0.13877   0.17928   0.11722   0.06134   0.05195   0.10669   0.07019   0.10285   0.09784   0.04319   0.03598   0.25301   0.17070   0.04332   0.15767   0.06072   0.09943   0.02034   0.10166   0.09001   0.17210   0.10651   0.15936   0.33140   0.34414   0.30705   0.16957   0.14721   0.12168   0.09388   0.24003   0.54158   0.41410   0.33065   0.19741   0.37734   0.43700   0.50424   0.31534   0.60852   0.59554   0.63389   0.67487   0.40290   0.44419   0.63971   0.70942   0.36880   0.73222   0.55937   0.48255   0.15821   0.45296   1.05105   0.19752   0.28383   0.16804   0.17118   0.10411   0.20447   0.24821   0.06813   0.08157   0.15387   0.21247   0.14024   0.16527   0.15032   0.07244   0.05595   0.11483   0.10139   0.05214   0.06908   0.34234   0.15731   0.17321   0.06638   0.16649   0.27905   0.09965   0.14965   0.02961   0.24971   0.17758   0.19755   0.22867   0.10479   0.25266   0.18823   0.25035   0.18900   0.12727   0.27290   0.11614   0.13634   0.11389   0.30936   0.06729   0.16619   0.03535   0.09861   0.08650   0.04418   0.10471   0.03941   0.05264   0.07070   0.08961   0.18201   0.02785   0.24065   0.04465   0.15718   0.14355   0.14226   0.08836   0.11495   0.08599   0.63731   0.10430   0.08576   0.07018   0.02220   0.22190   0.05711   0.68927   0.07982   1.07921   0.15055   0.02076   0.26291   0.08771   0.13889   0.25489   0.16142   0.05288   0.11894   0.14203   0.03074   0.13444   0.02839   0.02981   0.00359   0.00000   0.12365   0.12499   0.08484   0.08715   0.12469   0.01758   0.00463   0.15347   0.05724   0.18231   0.07100   0.14032   0.14214   0.01886   0.11697   0.14867   0.14074   0.17683   0.13739   0.00239   0.26913   0.04712   0.02250   0.10052   0.31868   0.00000   0.30083   0.00452   1.34930   1.09649   1.08705   1.62601   0.25410   1.04438  -0.01873  -0.07403   0.09602   0.23323  -0.35206   0.01162   1.36226   1.15826  -2.29477  -2.28610  -0.02907   0.19576  -0.10065  -1.43786   1.32038  -0.91667  -1.10789  -0.53296   0.37564  -0.67367  -1.09998   0.13073   1.14237   0.86799   0.81394  -1.47237  -1.11585   0.66658   0.84600  -1.03967   0.64660   0.08753   1.02909  -0.26908   0.41865   0.99396   1.82138   2.08239   0.37968   0.11335   0.75428  -1.24300  -1.60380   0.73051   0.42723  -0.03486   0.81999  -0.20114   0.41767  -0.40875   0.23761   1.57585   0.87136   1.67199   0.55242   1.43131   1.42570  -0.52425   0.17733  
 19 22016.9374  68683.513052  x:  0.13372   0.13022   0.15416   0.29206   0.29149   0.06201   0.20882   0.24564   0.15394   0.00450   0.01717   0.05545   0.04391   0.11782   0.17153   0.03868   0.02288   0.21504   0.06674   0.25405   0.27734   0.02079   0.13838   0.17983   0.11582   0.06058   0.05102   0.10742   0.07010   0.10211   0.09744   0.04329   0.03564   0.25477   0.17094   0.04335   0.15750   0.06001   0.09926   0.01999   0.09979   0.08811   0.16964   0.10545   0.15932   0.33538   0.34943   0.31131   0.16970   0.14666   0.12095   0.09262   0.24061   0.55008   0.42524   0.33383   0.19870   0.38281   0.44510   0.51240   0.32379   0.62228   0.60967   0.64274   0.69413   0.40828   0.45233   0.65509   0.72636   0.37659   0.74830   0.57043   0.49186   0.15957   0.46413   1.07034   0.19905   0.28693   0.16759   0.17047   0.10321   0.20528   0.25091   0.06722   0.08096   0.15357   0.21358   0.13935   0.16500   0.15039   0.07205   0.05570   0.11404   0.10037   0.04876   0.06709   0.34629   0.15797   0.17266   0.06441   0.16606   0.28171   0.09672   0.14938   0.02404   0.25142   0.17777   0.19767   0.23005   0.10279   0.25486   0.18884   0.25243   0.18896   0.12604   0.27674   0.11454   0.13535   0.11247   0.31299   0.06425   0.16665   0.03521   0.09788   0.08574   0.04413   0.10392   0.03962   0.05253   0.07054   0.08791   0.18336   0.02413   0.24271   0.04179   0.15751   0.14282   0.14177   0.08716   0.11295   0.08301   0.65186   0.10297   0.08549   0.06989   0.01857   0.22134   0.05462   0.70210   0.07793   1.10113   0.14930   0.01756   0.26564   0.08574   0.13922   0.27708   0.15931   0.05069   0.11823   0.14002   0.02915   0.13682   0.03250   0.03754   0.01238   0.00000   0.12354   0.12468   0.06540   0.08618   0.12385   0.01793   0.01016   0.15268   0.05486   0.18227   0.06950   0.13991   0.14137   0.01774   0.11656   0.14841   0.14028   0.17860   0.13782   0.00213   0.27160   0.04449   0.01696   0.10266   0.33114   0.00000   0.27769   0.00473   1.35587   1.10006   1.09182   1.61832   0.25635   1.04505  -0.01886  -0.07247   0.09629   0.23328  -0.35465   0.01266   1.36355   1.15952  -2.29502  -2.28629  -0.02825   0.19472  -0.09924  -1.43926   1.31796  -0.91641  -1.10722  -0.53485   0.37465  -0.67469  -1.10031   0.13120   1.14336   0.86799   0.81520  -1.47353  -1.11546   0.66681   0.84497  -1.04085   0.64716   0.08727   1.02622  -0.27306   0.41719   0.99501   1.82177   2.09188   0.38023   0.11409   0.75563  -1.24285  -1.60358   0.72971   0.42761  -0.03904   0.81974  -0.20094   0.41779  -0.41020   0.23767   1.57381   0.87212   1.67133   0.55525   1.43192   1.42600  -0.52566   0.17615  
 20 4500.8527  68541.926029  x:  0.13087   0.12703   0.15527   0.28466   0.29702   0.05110   0.20890   0.24678   0.15314   0.01247   0.01699   0.05377   0.03898   0.11777   0.17021   0.03933   0.02410   0.21509   0.06296   0.25165   0.27704   0.02486   0.13712   0.17721   0.11207   0.05689   0.04569   0.10780   0.07189   0.10041   0.09702   0.04462   0.03609   0.25472   0.16780   0.04458   0.15351   0.05999   0.09888   0.01884   0.09455   0.08360   0.16402   0.10123   0.15675   0.33748   0.35328   0.31625   0.16637   0.14335   0.11876   0.08969   0.23980   0.56334   0.43921   0.33561   0.19511   0.38368   0.45042   0.52394   0.33479   0.64178   0.63033   0.65744   0.72257   0.41463   0.46482   0.67771   0.75149   0.38768   0.77404   0.58745   0.50480   0.15789   0.47691   1.10175   0.19837   0.28932   0.16301   0.16565   0.09816   0.20449   0.25040   0.06600   0.08166   0.14949   0.21146   0.13495   0.16127   0.14803   0.07296   0.05780   0.11073   0.09888   0.04199   0.06253   0.35058   0.15567   0.17037   0.05919   0.16349   0.28363   0.09090   0.14565   0.00935   0.24905   0.17380   0.19305   0.22751   0.09643   0.25320   0.18605   0.25162   0.18449   0.12076   0.27830   0.10892   0.13193   0.10687   0.31748   0.05691   0.16676   0.03653   0.09578   0.08435   0.04427   0.10116   0.03988   0.05267   0.07189   0.08337   0.18286   0.01927   0.24125   0.03615   0.15632   0.13888   0.13869   0.08423   0.10978   0.07905   0.67296   0.10064   0.08541   0.07067   0.00978   0.21939   0.04771   0.72250   0.07305   1.13829   0.14525   0.01269   0.26483   0.08087   0.13790   0.30296   0.14912   0.03346   0.11633   0.13326   0.02298   0.13743   0.03321   0.03832   0.03704   0.00000   0.12306   0.12641   0.02911   0.08465   0.12089   0.01972   0.02382   0.14731   0.04907   0.17786   0.06625   0.13704   0.13793   0.01790   0.11511   0.14689   0.13787   0.17892   0.13815   0.00906   0.26989   0.04090   0.00000   0.09637   0.31988   0.00000   0.23175   0.00505   1.35679   1.11209   1.10783   1.58955   0.26109   1.04578  -0.01940  -0.06882   0.09719   0.23382  -0.35963   0.01506   1.36491   1.16117  -2.29544  -2.28658  -0.02695   0.19316  -0.09595  -1.44160   1.31296  -0.91542  -1.10553  -0.53839   0.37292  -0.67641  -1.10068   0.13235   1.14416   0.86780   0.81734  -1.47535  -1.11425   0.66726   0.84278  -1.04245   0.64747   0.08768   1.02053  -0.27994   0.41498   0.99754   1.81947   2.10438   0.38296   0.11553   0.75779  -1.24218  -1.60291   0.72872   0.42931  -0.04688   0.82007  -0.19991   0.41849  -0.41258   0.23822   1.56837   0.87409   1.66699   0.56199   1.43345   1.42629  -0.52775   0.17752  
 21 3042.7353  68460.583454  x:  0.12905   0.12500   0.15591   0.27977   0.30057   0.04406   0.20892   0.24736   0.15255   0.01732   0.01736   0.05293   0.03633   0.11791   0.16918   0.04003   0.02523   0.21493   0.06070   0.24976   0.27649   0.02777   0.13632   0.17533   0.10969   0.05449   0.04209   0.10798   0.07321   0.09943   0.09686   0.04556   0.03649   0.25445   0.16555   0.04543   0.15076   0.06019   0.09869   0.01827   0.09144   0.08106   0.16027   0.09835   0.15488   0.33846   0.35537   0.31932   0.16402   0.14110   0.11743   0.08794   0.23918   0.57197   0.44794   0.33647   0.19231   0.38361   0.45327   0.53129   0.34170   0.65422   0.64358   0.66710   0.74087   0.41852   0.47290   0.69222   0.76765   0.39475   0.79081   0.59847   0.51300   0.15640   0.48470   1.12229   0.19772   0.29073   0.15988   0.16238   0.09475   0.20391   0.24975   0.06543   0.08243   0.14664   0.20987   0.13197   0.15869   0.14640   0.07374   0.05943   0.10863   0.09811   0.03779   0.05970   0.35324   0.15400   0.16893   0.05584   0.16180   0.28469   0.08731   0.14324   0.00000   0.24731   0.17102   0.18979   0.22554   0.09241   0.25184   0.18402   0.25078   0.18131   0.11723   0.27905   0.10530   0.12976   0.10310   0.32035   0.05212   0.16692   0.03756   0.09454   0.08360   0.04448   0.09938   0.04003   0.05287   0.07291   0.08050   0.18252   0.01685   0.24005   0.03304   0.15558   0.13626   0.13667   0.08273   0.10817   0.07688   0.68644   0.09938   0.08548   0.07137   0.00510   0.21823   0.04337   0.73578   0.07010   1.16272   0.14267   0.01054   0.26401   0.07781   0.13687   0.31870   0.14193   0.02001   0.11543   0.12848   0.01859   0.13730   0.03390   0.03920   0.05229   0.00000   0.12251   0.12798   0.00531   0.08399   0.11904   0.02067   0.03164   0.14366   0.04558   0.17486   0.06436   0.13514   0.13569   0.01817   0.11420   0.14590   0.13627   0.17900   0.13846   0.01428   0.26842   0.04021   0.01165   0.09156   0.31204   0.00000   0.20066   0.00524   1.35637   1.11988   1.11810   1.57035   0.26431   1.04622  -0.01975  -0.06634   0.09780   0.23416  -0.36297   0.01668   1.36577   1.16224  -2.29572  -2.28677  -0.02608   0.19211  -0.09372  -1.44316   1.30955  -0.91475  -1.10438  -0.54076   0.37173  -0.67754  -1.10092   0.13319   1.14463   0.86764   0.81875  -1.47655  -1.11340   0.66757   0.84126  -1.04344   0.64764   0.08798   1.01663  -0.28446   0.41354   0.99931   1.81775   2.11252   0.38495   0.11652   0.75921  -1.24167  -1.60242   0.72805   0.43043  -0.05206   0.82031  -0.19919   0.41895  -0.41412   0.23860   1.56462   0.87545   1.66390   0.56664   1.43445   1.42644  -0.52906   0.17850  