102
GCA_003610465_1_ASM361046v1_genomic                             0.0000000 0.1801972 0.0162797 0.1832927 0.1653508 0.1795223 0.1816266 0.0434714 0.1939837 2.2695092 0.1550261 0.0381529 0.2011126 0.1837404 0.1924218 0.1980224 0.0346604 0.1817195 0.1817935 0.0328036 0.1835936 0.0535472 0.1817499 0.1448974 0.1845021 0.1814053 0.1792357 0.1805637 0.1844239 0.0327196 0.1774215 0.0353260 0.1552704 0.1830094 0.1973870 0.1615014 0.1575987 0.1847313 0.0475426 2.1256786 1.9879269 0.1677409 0.3784524 0.3792402 0.1861613 0.1768331 0.1764243 0.0938882 0.1804620 0.0468025 2.2345693 0.1836568 0.1707758 0.0456533 0.1771563 0.1845242 0.1615867 0.1625556 2.4158977 0.1848622 0.1855315 0.1941485 2.5806089 0.2033480 0.1868505 0.1856260 0.0473561 0.1821954 0.1848819 0.0197624 0.1846461 0.1821510 0.1537171 0.1670722 1.1888891 0.1692081 0.1936506 0.1818993 0.0477304 0.1851187 0.2006146 0.0574643 0.1811116 0.0390584 0.1855631 0.0894173 0.0505506 0.0304885 0.1843544 1.7247689 2.5763281 0.1730680 1.1094147 0.1683081 0.1811031 0.0469929 0.1856067 0.3685510 0.1651917 0.1848826 0.1806898 0.1881544 
Cronobacter_dublinensis_genome                                  0.1801972 0.0000000 0.1796135 0.0681668 0.1412570 0.0645035 0.0672150 0.1835303 0.1299887 2.2481969 0.2031019 0.1817461 0.1420480 0.0671702 0.1594706 0.1342323 0.1807304 0.0668370 0.0672552 0.1764947 0.0676607 0.1805190 0.0671791 0.1878473 0.0952593 0.1214769 0.0092464 0.0647386 0.0693492 0.1802411 0.0159277 0.1800725 0.2018511 0.0658538 0.1351138 0.1358392 0.1327681 0.0673011 0.1788373 2.1334590 1.9870944 0.1402005 0.3817633 0.3829536 0.0668148 0.0146797 0.0651545 0.1735212 0.0624867 0.1827925 2.2252924 0.0688635 0.1426842 0.1784355 0.0155895 0.0730233 0.1316460 0.1369497 2.3554273 0.0689801 0.0941427 0.1336594 2.6061719 0.1418555 0.1621366 0.0684341 0.1792573 0.0675239 0.0648382 0.1805106 0.0693554 0.0629254 0.2029549 0.2235686 1.1541023 0.1391394 0.0833190 0.0682141 0.1799217 0.0685032 0.1762334 0.1824950 0.0689572 0.1810146 0.0720676 0.1688312 0.1826739 0.1816591 0.0668572 1.6500195 2.5697413 0.1400378 1.0811208 0.1418703 0.0667370 0.1877991 0.0680576 0.3714754 0.1370568 0.1571597 0.0623432 0.0711416 
Xenorhabdus_griffiniae_genome                                   0.0162797 0.1796135 0.0000000 0.1834010 0.1634483 0.1781836 0.1810637 0.0421194 0.1931929 2.2694592 0.1537517 0.0372009 0.1992698 0.1829795 0.1900108 0.1957989 0.0342742 0.1801783 0.1815562 0.0335946 0.1826958 0.0514212 0.1816146 0.1420435 0.1815957 0.1792388 0.1787757 0.1792899 0.1843892 0.0321505 0.1767990 0.0350125 0.1538693 0.1826328 0.1967648 0.1600327 0.1559012 0.1840405 0.0459220 2.1229521 1.9721205 0.1658550 0.3783452 0.3798506 0.1853283 0.1757933 0.1755759 0.0925362 0.1795202 0.0457201 2.2332408 0.1833744 0.1689748 0.0437228 0.1766506 0.1834219 0.1597098 0.1617334 2.4206345 0.1839557 0.1828422 0.1935128 2.5818779 0.2033721 0.1845094 0.1845456 0.0451402 0.1819596 0.1842153 0.0210203 0.1839651 0.1804949 0.1525631 0.1668703 1.1865832 0.1669029 0.1931059 0.1803368 0.0462171 0.1847487 0.1983585 0.0552643 0.1800453 0.0380723 0.1840575 0.0894638 0.0488928 0.0286991 0.1836247 1.7136146 2.5734345 0.1715827 1.1009474 0.1676431 0.1805529 0.0468950 0.1848699 0.3697036 0.1628634 0.1835439 0.1806083 0.1878915 
Raoultella_terrigena_genome                                     0.1832927 0.0681668 0.1834010 0.0000000 0.1458096 0.0572870 0.0357678 0.1878484 0.1364956 2.2794609 0.2092701 0.1859733 0.1423195 0.0590605 0.1596311 0.1338201 0.1839253 0.0583473 0.0598462 0.1808914 0.0343822 0.1852756 0.0593080 0.1907269 0.1067952 0.1291110 0.0687731 0.0548260 0.0297332 0.1835953 0.0704521 0.1846754 0.2078190 0.0312645 0.1364785 0.1399588 0.1358792 0.0558475 0.1829065 2.1350417 1.9924628 0.1435889 0.3935168 0.3898272 0.0561798 0.0692552 0.0719356 0.1794933 0.0560963 0.1842620 2.2569316 0.0612864 0.1489541 0.1834265 0.0701729 0.0639326 0.1389309 0.1404938 2.3759472 0.0561454 0.1056379 0.1354944 2.6506180 0.1463859 0.1666720 0.0568324 0.1839058 0.0603017 0.0515617 0.1834104 0.0298999 0.0533555 0.2094724 0.2276622 1.1664614 0.1452934 0.0657885 0.0605956 0.1844157 0.0567415 0.1808105 0.1854339 0.0591706 0.1858806 0.0517704 0.1753722 0.1879650 0.1850300 0.0560279 1.6870664 2.5960525 0.1411739 1.1034207 0.1426728 0.0351655 0.1905899 0.0564378 0.3800079 0.1404786 0.1631301 0.0505595 0.0574299 
GCA_012932875_1_ASM1293287v1_genomic                            0.1653508 0.1412570 0.1634483 0.1458096 0.0000000 0.1414272 0.1434287 0.1669185 0.1510753 2.2834152 0.1928297 0.1673285 0.1538185 0.1426752 0.1438864 0.1500662 0.1641916 0.1417939 0.1435554 0.1602760 0.1444612 0.1644050 0.1433175 0.1836708 0.1467101 0.1388844 0.1408658 0.1429805 0.1468147 0.1640262 0.1400358 0.1649598 0.1914943 0.1425470 0.1528476 0.0614823 0.1159369 0.1446526 0.1621540 2.1282598 2.0064098 0.1268941 0.3843980 0.3877754 0.1459083 0.1390793 0.1364079 0.1549181 0.1407010 0.1669728 2.2626352 0.1453953 0.0965196 0.1644623 0.1388074 0.1479915 0.0628721 0.0633541 2.4154078 0.1457951 0.1456005 0.1490488 2.5980583 0.1612628 0.1470111 0.1440519 0.1625201 0.1440246 0.1423912 0.1651515 0.1464421 0.1410320 0.1945345 0.2118208 1.1695232 0.0930993 0.1577590 0.1435336 0.1628357 0.1448167 0.1599157 0.1668953 0.1419750 0.1654189 0.1471275 0.1526106 0.1652184 0.1647152 0.1445094 1.7009724 2.5755743 0.1280006 1.1025859 0.1283134 0.1432278 0.1696972 0.1440713 0.3723036 0.0661552 0.1457952 0.1407452 0.1475605 
Citrobacter_rodentium_genome                                    0.1795223 0.0645035 0.1781836 0.0572870 0.1414272 0.0000000 0.0500604 0.1852555 0.1303271 2.2440816 0.2010581 0.1815137 0.1431385 0.0354892 0.1616732 0.1350536 0.1797623 0.0344493 0.0372951 0.1763284 0.0517375 0.1803187 0.0372622 0.1898950 0.1025398 0.1223466 0.0634329 0.0239165 0.0520345 0.1792656 0.0648294 0.1806495 0.2000420 0.0485279 0.1358068 0.1385524 0.1320917 0.0373621 0.1781474 2.1244645 1.9864149 0.1417413 0.3789727 0.3800450 0.0381343 0.0647617 0.0672213 0.1724353 0.0179365 0.1814121 2.2175081 0.0389343 0.1467710 0.1789645 0.0646321 0.0615786 0.1345816 0.1411479 2.3510361 0.0376114 0.1021546 0.1346090 2.6112434 0.1421207 0.1607140 0.0371513 0.1801315 0.0377338 0.0523253 0.1781266 0.0520621 0.0286429 0.2014882 0.2252440 1.1547381 0.1427715 0.0538312 0.0380005 0.1802561 0.0384479 0.1759928 0.1854381 0.0574857 0.1811912 0.0531414 0.1684384 0.1832109 0.1803005 0.0375188 1.6939981 2.5675728 0.1444629 1.0785043 0.1441991 0.0496131 0.1881207 0.0382037 0.3699011 0.1411364 0.1580680 0.0487732 0.0415476 
Mariprofundus_ferrooxydans_genome                               0.1816266 0.0672150 0.1810637 0.0357678 0.1434287 0.0500604 0.0000000 0.1849306 0.1332225 2.2648507 0.2052493 0.1839063 0.1432885 0.0557110 0.1609504 0.1350699 0.1815555 0.0546934 0.0545585 0.1779399 0.0063646 0.1801785 0.0540246 0.1881762 0.1013724 0.1273022 0.0657265 0.0492545 0.0312452 0.1817654 0.0671182 0.1824935 0.2033872 0.0209245 0.1355843 0.1402003 0.1313187 0.0549985 0.1788619 2.1186893 1.9921537 0.1418010 0.3853497 0.3855313 0.0547291 0.0670678 0.0688390 0.1771108 0.0494299 0.1826403 2.2326184 0.0558234 0.1484618 0.1811669 0.0662395 0.0587428 0.1370721 0.1424053 2.3732370 0.0557300 0.1002487 0.1376156 2.6274854 0.1464754 0.1621255 0.0555420 0.1815551 0.0549910 0.0511895 0.1818145 0.0321996 0.0490772 0.2056514 0.2255630 1.1574243 0.1439918 0.0682058 0.0554098 0.1802891 0.0548323 0.1779653 0.1850543 0.0591862 0.1845619 0.0497348 0.1734622 0.1833677 0.1830954 0.0545856 1.6592470 2.5802130 0.1434388 1.0850839 0.1423851 0.0009234 0.1887876 0.0539331 0.3732582 0.1419236 0.1597314 0.0479623 0.0588202 
Xenorhabdus_poinarii_genome                                     0.0434714 0.1835303 0.0421194 0.1878484 0.1669185 0.1852555 0.1849306 0.0000000 0.1979732 2.2792699 0.1604511 0.0467517 0.2034813 0.1890384 0.1957187 0.2004483 0.0439260 0.1868044 0.1852810 0.0427436 0.1863900 0.0598646 0.1844517 0.1477867 0.1871967 0.1836641 0.1856651 0.1845877 0.1881724 0.0410580 0.1801308 0.0463122 0.1608295 0.1863449 0.2025024 0.1651404 0.1619189 0.1891338 0.0547159 2.1381773 1.9878756 0.1718421 0.3832565 0.3853183 0.1903162 0.1798001 0.1797171 0.0990068 0.1859823 0.0555904 2.2376670 0.1871141 0.1737233 0.0517048 0.1801767 0.1868152 0.1642016 0.1673788 2.4151198 0.1887156 0.1882474 0.1997286 2.5927048 0.2068615 0.1906999 0.1890905 0.0526469 0.1856860 0.1886939 0.0418428 0.1875149 0.1848174 0.1594834 0.1730692 1.1907649 0.1726173 0.1981535 0.1842883 0.0554171 0.1892165 0.2056328 0.0643505 0.1852985 0.0467644 0.1899313 0.0962732 0.0583364 0.0460102 0.1885147 1.6995845 2.5951717 0.1795283 1.1137494 0.1737929 0.1844914 0.0560838 0.1897220 0.3708488 0.1699811 0.1892140 0.1855116 0.1931862 
Pantoea_stewartii_genome                                        0.1939837 0.1299887 0.1931929 0.1364956 0.1510753 0.1303271 0.1332225 0.1979732 0.0000000 2.2821087 0.2137301 0.1952348 0.1107877 0.1330436 0.1678698 0.1032467 0.1935635 0.1338070 0.1308546 0.1897208 0.1334982 0.1953529 0.1311992 0.2066006 0.1508261 0.0903975 0.1301693 0.1336203 0.1346859 0.1950925 0.1277546 0.1941725 0.2134513 0.1316409 0.0473208 0.1486967 0.1400855 0.1327982 0.1922532 2.1554495 2.0014269 0.1441574 0.3849547 0.3901949 0.1339511 0.1278784 0.1286027 0.1882505 0.1304612 0.1950996 2.2816964 0.1322406 0.1561837 0.1928229 0.1273248 0.1379734 0.1457324 0.1493016 2.4048792 0.1335445 0.1498214 0.1035194 2.6248535 0.1144836 0.1777512 0.1331100 0.1935703 0.1316281 0.1329862 0.1951397 0.1343916 0.1311990 0.2147745 0.2376713 1.1737206 0.1513525 0.1488484 0.1326837 0.1915437 0.1342879 0.1850372 0.1956020 0.1304894 0.1937374 0.1338249 0.1852706 0.1943865 0.1947132 0.1333618 1.7948498 2.6168090 0.1499546 1.1057747 0.1559276 0.1329752 0.1991796 0.1337825 0.3750733 0.1506770 0.1733227 0.1335366 0.1367343 
GCA_014696825_1_ASM1469682v1_genomic                            2.2695092 2.2481969 2.2694592 2.2794609 2.2834152 2.2440816 2.2648507 2.2792699 2.2821087 0.0000000 2.2870648 2.2917686 2.2448418 2.2257952 2.3185687 2.2714870 2.2927123 2.2142295 2.2448918 2.2706077 2.2683053 2.2619313 2.2416210 2.2837590 2.2653107 2.2630401 2.2468096 2.2538962 2.2698639 2.2730737 2.2431258 2.2773180 2.2741352 2.2747501 2.2719224 2.2480996 2.3033376 2.2495661 2.2634043 2.1753479 1.9947828 2.2813946 2.3163948 2.3170933 2.2533650 2.2406849 2.2666538 2.2552405 2.2467672 2.2852839 2.2451994 2.2471218 2.3003901 2.2570570 2.2622603 2.2682979 2.2595803 2.2468454 2.3973018 2.2460999 2.2612383 2.3165977 2.8337739 2.3218985 2.2648098 2.2603855 2.2755631 2.2466370 2.2486894 2.2677479 2.2698301 2.2649252 2.2815803 2.3431389 2.5915132 2.2917803 2.2758603 2.2427916 2.2575744 2.2490332 2.3799204 2.2737895 2.2410986 2.2724181 2.2771514 2.2451608 2.2716129 2.2825880 2.2520544 1.9451712 2.5018760 2.2855286 2.4816183 2.2680430 2.2634291 2.2857109 2.2504154 2.3429994 2.2507558 2.2645248 2.2521201 2.2667710 
Proteus_vulgaris_genome                                         0.1550261 0.2031019 0.1537517 0.2092701 0.1928297 0.2010581 0.2052493 0.1604511 0.2137301 2.2870648 0.0000000 0.1600043 0.2207529 0.2038596 0.2196935 0.2184090 0.1571908 0.2010860 0.2002602 0.1507294 0.2072377 0.1553737 0.2010791 0.1564443 0.2055074 0.2040281 0.2030222 0.2024507 0.2077960 0.1569143 0.2020031 0.1534492 0.0139283 0.2068304 0.2174063 0.1907399 0.1926298 0.2038744 0.1541791 2.1291708 2.0044178 0.1967214 0.3995092 0.3985128 0.2037074 0.2006307 0.2016482 0.1518301 0.2004268 0.1588441 2.2409384 0.2023586 0.1998186 0.1548390 0.2017525 0.2074576 0.1898262 0.1929506 2.4466066 0.2023257 0.2053274 0.2248596 2.6059931 0.2322776 0.2078042 0.2033999 0.1568992 0.2009131 0.2063994 0.1561448 0.2074777 0.2038004 0.0341291 0.1961673 1.1824090 0.1982057 0.2105218 0.2013847 0.1543889 0.2040120 0.2338655 0.1599271 0.2060638 0.1580363 0.2084175 0.1507079 0.1560726 0.1562503 0.2029025 1.6444719 2.6041768 0.2016084 1.1093658 0.1910870 0.2050775 0.1597876 0.2035418 0.3861679 0.1918675 0.2025569 0.2042740 0.2069111 
GCA_900115195_1_IMG_taxon_2684622846_annotated_assembly_genomic 0.0381529 0.1817461 0.0372009 0.1859733 0.1673285 0.1815137 0.1839063 0.0467517 0.1952348 2.2917686 0.1600043 0.0000000 0.2023476 0.1859579 0.1921994 0.1978058 0.0259094 0.1837976 0.1831610 0.0353218 0.1852974 0.0553811 0.1827046 0.1463068 0.1851352 0.1821128 0.1809853 0.1827376 0.1861941 0.0371575 0.1800203 0.0375136 0.1597083 0.1849844 0.1984357 0.1641356 0.1595257 0.1872776 0.0515048 2.1357062 1.9882989 0.1665931 0.3854758 0.3877422 0.1887674 0.1785087 0.1783735 0.0943076 0.1832972 0.0468767 2.2446715 0.1847976 0.1732064 0.0457422 0.1799037 0.1876062 0.1630980 0.1668335 2.4351829 0.1874886 0.1860820 0.1951683 2.6001855 0.2036695 0.1882701 0.1866623 0.0466696 0.1835649 0.1867878 0.0377839 0.1867299 0.1833436 0.1581514 0.1705202 1.2041125 0.1716098 0.1956217 0.1829670 0.0524044 0.1876429 0.2026006 0.0560134 0.1831039 0.0408413 0.1881529 0.0903223 0.0545963 0.0402458 0.1865529 1.7604292 2.5993559 0.1738863 1.1181365 0.1694958 0.1836248 0.0478891 0.1878957 0.3738724 0.1680440 0.1873924 0.1829932 0.1901475 
Erwinia_pyrifoliae_genome                                       0.2011126 0.1420480 0.1992698 0.1423195 0.1538185 0.1431385 0.1432885 0.2034813 0.1107877 2.2448418 0.2207529 0.2023476 0.0000000 0.1453204 0.1691821 0.0294002 0.2005751 0.1457345 0.1453788 0.1975408 0.1440954 0.2014962 0.1444204 0.2115701 0.1605018 0.1078117 0.1424267 0.1446595 0.1443661 0.1987394 0.1410788 0.2009832 0.2188953 0.1431981 0.1111997 0.1512211 0.1453868 0.1466883 0.1994085 2.1494563 1.9394455 0.1418988 0.3925539 0.3871047 0.1473530 0.1414764 0.1409768 0.1935622 0.1433420 0.2002815 2.2279805 0.1468140 0.1623393 0.2013376 0.1408970 0.1490443 0.1492692 0.1523436 2.3673843 0.1470429 0.1601115 0.0902622 2.5633175 0.1027487 0.1865806 0.1463377 0.2000575 0.1460614 0.1436427 0.2006398 0.1433044 0.1438099 0.2218823 0.2397845 1.1599464 0.1591031 0.1616515 0.1444823 0.1997204 0.1480417 0.1878836 0.2010765 0.1413688 0.2005786 0.1454733 0.1920466 0.2030319 0.1985647 0.1465579 1.7127104 2.6025328 0.1515640 1.1052761 0.1597093 0.1426916 0.2070798 0.1470936 0.3802515 0.1534156 0.1824123 0.1427292 0.1502904 
Salmonella_enterica_genome                                      0.1837404 0.0671702 0.1829795 0.0590605 0.1426752 0.0354892 0.0557110 0.1890384 0.1330436 2.2257952 0.2038596 0.1859579 0.1453204 0.0000000 0.1624142 0.1373237 0.1829337 0.0146460 0.0349160 0.1801752 0.0565276 0.1840544 0.0350111 0.1925586 0.1016047 0.1260482 0.0648677 0.0325138 0.0546632 0.1830134 0.0667255 0.1834328 0.2020506 0.0529124 0.1383413 0.1413377 0.1380227 0.0321381 0.1819714 2.1135964 1.9662472 0.1465115 0.3780276 0.3784086 0.0340865 0.0676894 0.0686388 0.1758713 0.0332524 0.1847490 2.1879216 0.0363678 0.1499123 0.1837706 0.0657498 0.0674596 0.1371663 0.1429587 2.3656109 0.0323652 0.1009977 0.1386689 2.6255374 0.1470728 0.1651285 0.0355091 0.1850938 0.0354458 0.0556473 0.1836612 0.0537795 0.0323103 0.2043933 0.2266595 1.1376380 0.1459550 0.0509808 0.0370748 0.1829900 0.0334321 0.1795639 0.1875330 0.0595703 0.1849094 0.0527546 0.1726780 0.1870004 0.1831274 0.0333683 1.7330744 2.5701947 0.1471426 1.0859556 0.1457902 0.0552506 0.1918940 0.0334146 0.3720663 0.1431790 0.1606560 0.0509246 0.0394092 
Rouxiella_chamberiensis_genome                                  0.1924218 0.1594706 0.1900108 0.1596311 0.1438864 0.1616732 0.1609504 0.1957187 0.1678698 2.3185687 0.2196935 0.1921994 0.1691821 0.1624142 0.0000000 0.1649745 0.1915602 0.1626181 0.1626451 0.1875359 0.1611991 0.1894774 0.1627640 0.2108383 0.1754458 0.1643976 0.1591747 0.1615986 0.1613153 0.1901387 0.1599218 0.1918862 0.2195906 0.1613437 0.1714554 0.1416313 0.1191149 0.1633493 0.1919195 2.1722298 2.0445289 0.1271876 0.4107296 0.4084670 0.1630202 0.1586123 0.1548488 0.1828779 0.1615899 0.1944445 2.3421394 0.1647285 0.1597647 0.1923576 0.1591424 0.1644649 0.1449339 0.1425673 2.4482626 0.1643504 0.1749467 0.1680558 2.6590075 0.1763325 0.1789658 0.1646745 0.1897810 0.1631041 0.1576564 0.1932573 0.1605005 0.1607298 0.2209193 0.2393262 1.2130525 0.1582314 0.1743783 0.1636984 0.1916176 0.1635348 0.1610632 0.1921783 0.1586861 0.1920448 0.1627360 0.1795444 0.1954258 0.1905529 0.1628770 1.7524985 2.6884710 0.0774622 1.1330492 0.1424259 0.1605483 0.1974751 0.1616312 0.4013187 0.1445726 0.1782736 0.1557230 0.1658774 
Erwinia_amylovora_genome                                        0.1980224 0.1342323 0.1957989 0.1338201 0.1500662 0.1350536 0.1350699 0.2004483 0.1032467 2.2714870 0.2184090 0.1978058 0.0294002 0.1373237 0.1649745 0.0000000 0.1958197 0.1377173 0.1375975 0.1924367 0.1355655 0.1979584 0.1367521 0.2080054 0.1530131 0.0992897 0.1348374 0.1380118 0.1361757 0.1948574 0.1335958 0.1967646 0.2163516 0.1346902 0.1042046 0.1461212 0.1390974 0.1389612 0.1956313 2.1702636 2.0003672 0.1367713 0.3888120 0.3881291 0.1399778 0.1339696 0.1340646 0.1900679 0.1352408 0.1974765 2.2707025 0.1388736 0.1567866 0.1969068 0.1331390 0.1404747 0.1448282 0.1474049 2.3721974 0.1392904 0.1529512 0.0812856 2.6300193 0.0949109 0.1819226 0.1386083 0.1951670 0.1383350 0.1361260 0.1957719 0.1355532 0.1371366 0.2203286 0.2369276 1.1707520 0.1540639 0.1537321 0.1377262 0.1961529 0.1407769 0.1817301 0.1983621 0.1345220 0.1957813 0.1375385 0.1874119 0.1993015 0.1940818 0.1396401 1.7109775 2.6282987 0.1454729 1.1209101 0.1524282 0.1346083 0.2033141 0.1397521 0.3804708 0.1480009 0.1781670 0.1365232 0.1434447 
GCA_002127535_1_ASM212753v1_genomic                             0.0346604 0.1807304 0.0342742 0.1839253 0.1641916 0.1797623 0.1815555 0.0439260 0.1935635 2.2927123 0.1571908 0.0259094 0.2005751 0.1829337 0.1915602 0.1958197 0.0000000 0.1805265 0.1812610 0.0330080 0.1828804 0.0534636 0.1809424 0.1454144 0.1839760 0.1826237 0.1799247 0.1800817 0.1836826 0.0350180 0.1786013 0.0356734 0.1553361 0.1831697 0.1975668 0.1601866 0.1576719 0.1842095 0.0487468 2.1353313 1.9883142 0.1668316 0.3837080 0.3857526 0.1860052 0.1777728 0.1777483 0.0915346 0.1814097 0.0435154 2.2362944 0.1828886 0.1717945 0.0445000 0.1785406 0.1846018 0.1585817 0.1618853 2.4321084 0.1851536 0.1846166 0.1937367 2.5897587 0.2022419 0.1888186 0.1840018 0.0438848 0.1816195 0.1847903 0.0353572 0.1838613 0.1814740 0.1548115 0.1692922 1.1974681 0.1703791 0.1929580 0.1815597 0.0494752 0.1847684 0.2000601 0.0548573 0.1814867 0.0384392 0.1858407 0.0893235 0.0519487 0.0382586 0.1842978 1.7655056 2.5854884 0.1728986 1.1198395 0.1687125 0.1812440 0.0462449 0.1854855 0.3717790 0.1637929 0.1887210 0.1815068 0.1874533 
Salmonella_bongori_genome                                       0.1817195 0.0668370 0.1801783 0.0583473 0.1417939 0.0344493 0.0546934 0.1868044 0.1338070 2.2142295 0.2010860 0.1837976 0.1457345 0.0146460 0.1626181 0.1377173 0.1805265 0.0000000 0.0377474 0.1771840 0.0560639 0.1810835 0.0382096 0.1902484 0.0979055 0.1250922 0.0642833 0.0313276 0.0540262 0.1810201 0.0665564 0.1811506 0.1993643 0.0526918 0.1401441 0.1398807 0.1365186 0.0325513 0.1793128 2.1180502 1.9704928 0.1448778 0.3784470 0.3796460 0.0338449 0.0671424 0.0679451 0.1722564 0.0317264 0.1823543 2.1831948 0.0393009 0.1489483 0.1809762 0.0656544 0.0671476 0.1347739 0.1411273 2.3681266 0.0324892 0.0973344 0.1391170 2.6033425 0.1466483 0.1639702 0.0360144 0.1827168 0.0381891 0.0545783 0.1811417 0.0531143 0.0299668 0.2020513 0.2236988 1.1376797 0.1455331 0.0523130 0.0390505 0.1799291 0.0344081 0.1791278 0.1856641 0.0609212 0.1829622 0.0531049 0.1690653 0.1847892 0.1811379 0.0337505 1.7302695 2.5754600 0.1463664 1.0890768 0.1453529 0.0542305 0.1899672 0.0345245 0.3712684 0.1411435 0.1598500 0.0508492 0.0400355 
Shigella_boydii_genome                                          0.1817935 0.0672552 0.1815562 0.0598462 0.1435554 0.0372951 0.0545585 0.1852810 0.1308546 2.2448918 0.2002602 0.1831610 0.1453788 0.0349160 0.1626451 0.1375975 0.1812610 0.0377474 0.0000000 0.1778964 0.0571047 0.1823320 0.0068723 0.1882125 0.0976411 0.1232954 0.0651589 0.0354520 0.0560196 0.1805296 0.0660190 0.1819843 0.1990369 0.0535062 0.1366477 0.1385006 0.1354494 0.0398156 0.1795306 2.1082744 1.9760391 0.1440943 0.3768840 0.3772111 0.0396744 0.0666109 0.0683956 0.1736001 0.0354243 0.1826181 2.2189244 0.0033287 0.1489365 0.1821638 0.0655902 0.0656577 0.1365850 0.1412583 2.3524360 0.0398207 0.0967896 0.1369264 2.6140360 0.1451430 0.1620390 0.0389004 0.1836913 0.0018538 0.0552697 0.1819474 0.0559421 0.0337268 0.2008126 0.2235415 1.1557256 0.1433649 0.0550056 0.0096992 0.1807738 0.0393500 0.1783250 0.1850519 0.0600754 0.1846719 0.0566970 0.1695814 0.1840932 0.1831109 0.0394127 1.7211538 2.5484349 0.1446382 1.0838509 0.1451132 0.0542778 0.1899024 0.0392301 0.3671151 0.1408931 0.1578089 0.0506290 0.0444660 
GCA_002632615_1_ASM263261v1_genomic                             0.0328036 0.1764947 0.0335946 0.1808914 0.1602760 0.1763284 0.1779399 0.0427436 0.1897208 2.2706077 0.1507294 0.0353218 0.1975408 0.1801752 0.1875359 0.1924367 0.0330080 0.1771840 0.1778964 0.0000000 0.1798871 0.0471737 0.1776333 0.1396556 0.1788098 0.1767709 0.1753025 0.1776104 0.1799288 0.0320155 0.1736577 0.0122981 0.1504182 0.1795433 0.1927047 0.1576249 0.1518067 0.1817206 0.0418905 2.1195482 1.9812946 0.1612158 0.3767323 0.3786829 0.1836602 0.1722963 0.1725246 0.0893293 0.1773889 0.0385559 2.2236371 0.1797563 0.1684702 0.0363151 0.1735946 0.1816744 0.1556212 0.1589507 2.4133245 0.1817860 0.1799147 0.1916785 2.5800425 0.1995806 0.1835500 0.1822319 0.0382348 0.1784318 0.1805915 0.0330244 0.1801702 0.1791639 0.1492702 0.1653133 1.1875437 0.1668347 0.1894711 0.1780737 0.0422384 0.1821275 0.1960680 0.0495967 0.1780313 0.0288217 0.1832350 0.0858536 0.0456428 0.0364845 0.1816405 1.7260193 2.5748211 0.1696323 1.1105316 0.1657729 0.1776310 0.0399005 0.1824669 0.3668995 0.1607239 0.1820761 0.1770414 0.1853065 
Klebsiella_variicola_genome                                     0.1835936 0.0676607 0.1826958 0.0343822 0.1444612 0.0517375 0.0063646 0.1863900 0.1334982 2.2683053 0.2072377 0.1852974 0.1440954 0.0565276 0.1611991 0.1355655 0.1828804 0.0560639 0.0571047 0.1798871 0.0000000 0.1823337 0.0568373 0.1881730 0.1029390 0.1289469 0.0663685 0.0501670 0.0299892 0.1829342 0.0684424 0.1839927 0.2052983 0.0195098 0.1345786 0.1402891 0.1329388 0.0544115 0.1807261 2.1219904 1.9915157 0.1419508 0.3872349 0.3875551 0.0543313 0.0678762 0.0700186 0.1785394 0.0511118 0.1840637 2.2326511 0.0583477 0.1499081 0.1820291 0.0676401 0.0593224 0.1380717 0.1426995 2.3686399 0.0559691 0.1016921 0.1375806 2.6332148 0.1461810 0.1643816 0.0549073 0.1830347 0.0575388 0.0507896 0.1836092 0.0305722 0.0500647 0.2073671 0.2264477 1.1609262 0.1458814 0.0661662 0.0583456 0.1824392 0.0546926 0.1790382 0.1858112 0.0596200 0.1860217 0.0491961 0.1744569 0.1852522 0.1846032 0.0540551 1.6609665 2.5826006 0.1435299 1.0887585 0.1428236 0.0058938 0.1903480 0.0539804 0.3739386 0.1419303 0.1617522 0.0480792 0.0575199 
GCA_002632485_1_ASM263248v1_genomic                             0.0535472 0.1805190 0.0514212 0.1852756 0.1644050 0.1803187 0.1801785 0.0598646 0.1953529 2.2619313 0.1553737 0.0553811 0.2014962 0.1840544 0.1894774 0.1979584 0.0534636 0.1810835 0.1823320 0.0471737 0.1823337 0.0000000 0.1824507 0.1427512 0.1839396 0.1828229 0.1789304 0.1812804 0.1826951 0.0514275 0.1783551 0.0487306 0.1547137 0.1819249 0.1987863 0.1624232 0.1577349 0.1854750 0.0337519 2.1277887 1.9857647 0.1660853 0.3829766 0.3822918 0.1867798 0.1765817 0.1794071 0.0963463 0.1807986 0.0543378 2.2267938 0.1841811 0.1707309 0.0528168 0.1782573 0.1842996 0.1613495 0.1636719 2.4329151 0.1864899 0.1844477 0.1969863 2.5741086 0.2040810 0.1868452 0.1861446 0.0545129 0.1827509 0.1847360 0.0525976 0.1826248 0.1825139 0.1571573 0.1684402 1.1919696 0.1683580 0.1929927 0.1817326 0.0343677 0.1857392 0.2005054 0.0550472 0.1813255 0.0527908 0.1864510 0.0914864 0.0375594 0.0560135 0.1849211 1.7184715 2.5728151 0.1709938 1.1048975 0.1696186 0.1798535 0.0576743 0.1862077 0.3715773 0.1649576 0.1844047 0.1807980 0.1891594 
Escherichia_fergusonii_genome                                   0.1817499 0.0671791 0.1816146 0.0593080 0.1433175 0.0372622 0.0540246 0.1844517 0.1311992 2.2416210 0.2010791 0.1827046 0.1444204 0.0350111 0.1627640 0.1367521 0.1809424 0.0382096 0.0068723 0.1776333 0.0568373 0.1824507 0.0000000 0.1891466 0.0971171 0.1229107 0.0650254 0.0363736 0.0555325 0.1805083 0.0660970 0.1814411 0.1998114 0.0533958 0.1368667 0.1388500 0.1347163 0.0401443 0.1798908 2.1071383 1.9805628 0.1442767 0.3756230 0.3773694 0.0392984 0.0664294 0.0686178 0.1729973 0.0354081 0.1830130 2.2223697 0.0083746 0.1493205 0.1812014 0.0656873 0.0642788 0.1367907 0.1414785 2.3470206 0.0397252 0.0965647 0.1366781 2.6101263 0.1445799 0.1615713 0.0387150 0.1833107 0.0075018 0.0560240 0.1817686 0.0553796 0.0341554 0.2018948 0.2236187 1.1551779 0.1437311 0.0553022 0.0107079 0.1810450 0.0392657 0.1778250 0.1848583 0.0599018 0.1842527 0.0553722 0.1689284 0.1837127 0.1827829 0.0393192 1.7211538 2.5510117 0.1445751 1.0865338 0.1452478 0.0537441 0.1891732 0.0390158 0.3668991 0.1409957 0.1579421 0.0510701 0.0444072 
Providencia_rettgeri_genome                                     0.1448974 0.1878473 0.1420435 0.1907269 0.1836708 0.1898950 0.1881762 0.1477867 0.2066006 2.2837590 0.1564443 0.1463068 0.2115701 0.1925586 0.2108383 0.2080054 0.1454144 0.1902484 0.1882125 0.1396556 0.1881730 0.1427512 0.1891466 0.0000000 0.1957665 0.1927770 0.1880618 0.1889685 0.1924080 0.1430994 0.1875658 0.1426778 0.1555265 0.1900832 0.2070134 0.1836171 0.1802637 0.1937780 0.1410480 2.1180948 1.9778840 0.1890568 0.3889653 0.3922359 0.1936872 0.1873584 0.1880804 0.1468887 0.1895852 0.1457714 2.2506643 0.1896609 0.1897216 0.1448664 0.1882595 0.1948746 0.1824856 0.1856747 2.4091479 0.1944711 0.1960817 0.2079226 2.5998529 0.2151025 0.2051576 0.1933407 0.1433783 0.1888323 0.1906522 0.1456550 0.1924764 0.1910532 0.1586650 0.1728832 1.1981764 0.1866916 0.1964086 0.1884927 0.1403937 0.1935016 0.2235325 0.1468835 0.1910634 0.1462331 0.1928984 0.1408606 0.1434941 0.1467919 0.1928081 1.7801677 2.5463885 0.1918161 1.1174555 0.1878071 0.1876688 0.1502106 0.1929772 0.3829657 0.1866259 0.2001741 0.1881886 0.1963473 
Mangrovibacter_phragmitis_genome                                0.1845021 0.0952593 0.1815957 0.1067952 0.1467101 0.1025398 0.1013724 0.1871967 0.1508261 2.2653107 0.2055074 0.1851352 0.1605018 0.1016047 0.1754458 0.1530131 0.1839760 0.0979055 0.0976411 0.1788098 0.1029390 0.1839396 0.0971171 0.1957665 0.0000000 0.1375660 0.0944447 0.1002408 0.1024741 0.1830916 0.0945083 0.1839056 0.2051179 0.0990966 0.1565147 0.1501891 0.1498834 0.1014561 0.1806855 2.1388693 1.9956468 0.1584733 0.3823748 0.3813499 0.1028976 0.0955816 0.1018006 0.1779379 0.0979038 0.1847451 2.2503949 0.0995949 0.1502175 0.1836341 0.0981672 0.1046714 0.1465787 0.1509749 2.4058120 0.1022313 0.0089946 0.1584562 2.6078182 0.1670229 0.1609846 0.1011176 0.1813477 0.0982086 0.1032348 0.1820331 0.1015197 0.1010437 0.2081796 0.2311512 1.1629514 0.1462887 0.1182431 0.0978588 0.1827116 0.1010698 0.1932711 0.1871148 0.1052689 0.1855389 0.1057288 0.1742462 0.1843057 0.1835198 0.1018366 1.6621697 2.5955198 0.1567559 1.0866281 0.1571928 0.1009567 0.1882133 0.1006961 0.3721377 0.1509905 0.1583325 0.1013004 0.1065867 
Mixta_calida_genome                                             0.1814053 0.1214769 0.1792388 0.1291110 0.1388844 0.1223466 0.1273022 0.1836641 0.0903975 2.2630401 0.2040281 0.1821128 0.1078117 0.1260482 0.1643976 0.0992897 0.1826237 0.1250922 0.1232954 0.1767709 0.1289469 0.1828229 0.1229107 0.1927770 0.1375660 0.0000000 0.1209876 0.1241141 0.1297971 0.1804956 0.1199465 0.1796455 0.2038806 0.1261990 0.0901037 0.1464204 0.1344932 0.1260059 0.1801079 2.1653180 1.9985393 0.1371818 0.3798291 0.3820348 0.1271019 0.1199417 0.1232877 0.1775348 0.1217492 0.1830409 2.2755648 0.1250329 0.1439838 0.1814271 0.1201210 0.1299731 0.1417315 0.1469709 2.3640369 0.1262591 0.1369220 0.1038689 2.6035999 0.1137005 0.1649936 0.1263297 0.1787412 0.1238252 0.1261769 0.1815362 0.1292853 0.1233053 0.2050851 0.2266145 1.1816551 0.1399483 0.1444347 0.1247168 0.1804634 0.1275547 0.1799831 0.1851486 0.1217992 0.1809163 0.1313189 0.1755294 0.1827068 0.1793879 0.1266445 1.7687750 2.5923234 0.1478351 1.0962443 0.1515388 0.1268887 0.1873459 0.1271904 0.3692911 0.1482557 0.1628785 0.1231613 0.1300336 
Cronobacter_muytjensii_genome                                   0.1792357 0.0092464 0.1787757 0.0687731 0.1408658 0.0634329 0.0657265 0.1856651 0.1301693 2.2468096 0.2030222 0.1809853 0.1424267 0.0648677 0.1591747 0.1348374 0.1799247 0.0642833 0.0651589 0.1753025 0.0663685 0.1789304 0.0650254 0.1880618 0.0944447 0.1209876 0.0000000 0.0629050 0.0688773 0.1791673 0.0149539 0.1819679 0.2014312 0.0646106 0.1361414 0.1345114 0.1329844 0.0656405 0.1779772 2.1285026 1.9907611 0.1400098 0.3808837 0.3830444 0.0654287 0.0149989 0.0645291 0.1716903 0.0612423 0.1819435 2.2303325 0.0667585 0.1428326 0.1776534 0.0148606 0.0719480 0.1312621 0.1363029 2.3540204 0.0670752 0.0935735 0.1330693 2.6057069 0.1411431 0.1630903 0.0665700 0.1786482 0.0655313 0.0634781 0.1798251 0.0684972 0.0615196 0.2029271 0.2222453 1.1576195 0.1392069 0.0828531 0.0665167 0.1788145 0.0667250 0.1759745 0.1821910 0.0669823 0.1797884 0.0712092 0.1676921 0.1814964 0.1811768 0.0650680 1.6614818 2.5647474 0.1393867 1.0830051 0.1409812 0.0652505 0.1858315 0.0662495 0.3708269 0.1354278 0.1571752 0.0598614 0.0705502 
Citrobacter_amalonaticus_genome                                 0.1805637 0.0647386 0.1792899 0.0548260 0.1429805 0.0239165 0.0492545 0.1845877 0.1336203 2.2538962 0.2024507 0.1827376 0.1446595 0.0325138 0.1615986 0.1380118 0.1800817 0.0313276 0.0354520 0.1776104 0.0501670 0.1812804 0.0363736 0.1889685 0.1002408 0.1241141 0.0629050 0.0000000 0.0509469 0.1801722 0.0640959 0.1818135 0.2020007 0.0472756 0.1368394 0.1380974 0.1351697 0.0307522 0.1798671 2.1277120 1.9717678 0.1435465 0.3793254 0.3801348 0.0312659 0.0638229 0.0640097 0.1734733 0.0236129 0.1817018 2.2075460 0.0371989 0.1484169 0.1807760 0.0636615 0.0629511 0.1340867 0.1400866 2.3625208 0.0318138 0.0998503 0.1372565 2.6043510 0.1451704 0.1624434 0.0303779 0.1804843 0.0358887 0.0478323 0.1805948 0.0503592 0.0254065 0.2036142 0.2256025 1.1594705 0.1434830 0.0475435 0.0380797 0.1810362 0.0310175 0.1785607 0.1860620 0.0568715 0.1831495 0.0499774 0.1704402 0.1840268 0.1814600 0.0316625 1.7425597 2.5623925 0.1444351 1.0845305 0.1447775 0.0489833 0.1874981 0.0307959 0.3717336 0.1411649 0.1595562 0.0458291 0.0354003 
Klebsiella_michiganensis_genome                                 0.1844239 0.0693492 0.1843892 0.0297332 0.1468147 0.0520345 0.0312452 0.1881724 0.1346859 2.2698639 0.2077960 0.1861941 0.1443661 0.0546632 0.1613153 0.1361757 0.1836826 0.0540262 0.0560196 0.1799288 0.0299892 0.1826951 0.0555325 0.1924080 0.1024741 0.1297971 0.0688773 0.0509469 0.0000000 0.1834762 0.0707104 0.1846736 0.2066008 0.0273878 0.1373469 0.1421951 0.1330006 0.0523436 0.1817595 2.1300045 1.9975221 0.1411753 0.3862180 0.3853636 0.0523818 0.0702821 0.0716025 0.1796725 0.0514800 0.1835808 2.2382103 0.0571246 0.1528360 0.1824161 0.0702865 0.0593559 0.1397753 0.1445229 2.3667609 0.0528647 0.1019546 0.1364766 2.6040624 0.1453170 0.1668920 0.0532099 0.1830292 0.0564727 0.0478369 0.1842313 0.0070847 0.0484039 0.2081395 0.2282000 1.1632073 0.1480228 0.0634139 0.0578114 0.1836055 0.0523665 0.1793812 0.1860418 0.0583416 0.1867452 0.0494234 0.1748623 0.1861437 0.1851058 0.0521218 1.6676142 2.5787063 0.1435705 1.0987417 0.1437406 0.0313213 0.1896334 0.0521460 0.3747542 0.1434427 0.1629275 0.0455486 0.0556873 
Xenorhabdus_doucetiae_genome                                    0.0327196 0.1802411 0.0321505 0.1835953 0.1640262 0.1792656 0.1817654 0.0410580 0.1950925 2.2730737 0.1569143 0.0371575 0.1987394 0.1830134 0.1901387 0.1948574 0.0350180 0.1810201 0.1805296 0.0320155 0.1829342 0.0514275 0.1805083 0.1430994 0.1830916 0.1804956 0.1791673 0.1801722 0.1834762 0.0000000 0.1772894 0.0354483 0.1565118 0.1833568 0.1984931 0.1603101 0.1571565 0.1842648 0.0474255 2.1234869 1.9894291 0.1659488 0.3803710 0.3813868 0.1856563 0.1766340 0.1753062 0.0935075 0.1801669 0.0457248 2.2286860 0.1821031 0.1710421 0.0437175 0.1772041 0.1830398 0.1594992 0.1618831 2.4146001 0.1844334 0.1837131 0.1932982 2.5751461 0.2034637 0.1865535 0.1846495 0.0438007 0.1809272 0.1846050 0.0316511 0.1832913 0.1805309 0.1542253 0.1670761 1.1866228 0.1687906 0.1929414 0.1802867 0.0483706 0.1849058 0.2000178 0.0551359 0.1803948 0.0377444 0.1846599 0.0897094 0.0512404 0.0356102 0.1835882 1.7358710 2.5835418 0.1735231 1.1083600 0.1680743 0.1811410 0.0471444 0.1847530 0.3666621 0.1646673 0.1839392 0.1808811 0.1882991 
Cronobacter_malonaticus_genome                                  0.1774215 0.0159277 0.1767990 0.0704521 0.1400358 0.0648294 0.0671182 0.1801308 0.1277546 2.2431258 0.2020031 0.1800203 0.1410788 0.0667255 0.1599218 0.1335958 0.1786013 0.0665564 0.0660190 0.1736577 0.0684424 0.1783551 0.0660970 0.1875658 0.0945083 0.1199465 0.0149539 0.0640959 0.0707104 0.1772894 0.0000000 0.1779613 0.2000561 0.0662591 0.1345555 0.1352629 0.1321865 0.0678211 0.1761836 2.1223593 1.9938451 0.1397186 0.3806959 0.3804519 0.0670294 0.0089300 0.0641884 0.1711019 0.0619524 0.1809296 2.2265629 0.0672513 0.1412923 0.1773438 0.0034871 0.0719832 0.1311005 0.1368824 2.3504727 0.0681949 0.0933801 0.1329931 2.6013775 0.1407980 0.1619944 0.0685086 0.1772880 0.0663919 0.0662174 0.1779753 0.0708949 0.0629444 0.2014085 0.2218651 1.1579494 0.1377369 0.0852273 0.0677605 0.1770327 0.0679144 0.1758303 0.1807077 0.0681911 0.1788231 0.0719174 0.1664733 0.1792627 0.1794121 0.0666016 1.6719552 2.5615892 0.1403812 1.0814634 0.1421198 0.0666417 0.1860493 0.0674520 0.3709407 0.1369807 0.1566333 0.0627624 0.0723882 
GCA_028598485_1_ASM2859848v1_genomic                            0.0353260 0.1800725 0.0350125 0.1846754 0.1649598 0.1806495 0.1824935 0.0463122 0.1941725 2.2773180 0.1534492 0.0375136 0.2009832 0.1834328 0.1918862 0.1967646 0.0356734 0.1811506 0.1819843 0.0122981 0.1839927 0.0487306 0.1814411 0.1426778 0.1839056 0.1796455 0.1819679 0.1818135 0.1846736 0.0354483 0.1779613 0.0000000 0.1528545 0.1832615 0.1962130 0.1615894 0.1562383 0.1859064 0.0441250 2.1218470 1.9853042 0.1660712 0.3815782 0.3818822 0.1880252 0.1759774 0.1761924 0.0928824 0.1817551 0.0407854 2.2284022 0.1838722 0.1713851 0.0374958 0.1776821 0.1850439 0.1595972 0.1632075 2.4170713 0.1857269 0.1846309 0.1945139 2.5849893 0.2035686 0.1868600 0.1860585 0.0407520 0.1822839 0.1850539 0.0350009 0.1842382 0.1832360 0.1521614 0.1678973 1.1914453 0.1699119 0.1937933 0.1816558 0.0442674 0.1865804 0.2008485 0.0495876 0.1816213 0.0286323 0.1868370 0.0899570 0.0472309 0.0389584 0.1859935 1.7315358 2.5758510 0.1735055 1.1130856 0.1696867 0.1821472 0.0412896 0.1865654 0.3697809 0.1646706 0.1852737 0.1816274 0.1900003 
Proteus_penneri_genome                                          0.1552704 0.2018511 0.1538693 0.2078190 0.1914943 0.2000420 0.2033872 0.1608295 0.2134513 2.2741352 0.0139283 0.1597083 0.2188953 0.2020506 0.2195906 0.2163516 0.1553361 0.1993643 0.1990369 0.1504182 0.2052983 0.1547137 0.1998114 0.1555265 0.2051179 0.2038806 0.2014312 0.2020007 0.2066008 0.1565118 0.2000561 0.1528545 0.0000000 0.2058424 0.2172362 0.1894765 0.1906057 0.2035090 0.1535818 2.1232119 2.0009266 0.1941892 0.3979842 0.3944303 0.2039894 0.1991520 0.2002127 0.1533227 0.1992004 0.1588560 2.2376389 0.2010360 0.1997910 0.1558871 0.1993477 0.2049475 0.1896857 0.1918172 2.4230888 0.2017807 0.2052872 0.2224023 2.5964722 0.2292209 0.2065352 0.2029590 0.1556970 0.1995926 0.2046652 0.1560378 0.2061119 0.2023982 0.0337696 0.1968716 1.1806924 0.1972375 0.2091592 0.1999654 0.1537386 0.2035799 0.2328708 0.1590473 0.2045741 0.1572271 0.2075219 0.1503779 0.1556872 0.1556321 0.2027854 1.6461408 2.6013713 0.1997977 1.1068085 0.1902466 0.2032161 0.1608782 0.2034167 0.3833387 0.1915568 0.2019493 0.2033262 0.2054788 
Klebsiella_aerogenes_genome                                     0.1830094 0.0658538 0.1826328 0.0312645 0.1425470 0.0485279 0.0209245 0.1863449 0.1316409 2.2747501 0.2068304 0.1849844 0.1431981 0.0529124 0.1613437 0.1346902 0.1831697 0.0526918 0.0535062 0.1795433 0.0195098 0.1819249 0.0533958 0.1900832 0.0990966 0.1261990 0.0646106 0.0472756 0.0273878 0.1833568 0.0662591 0.1832615 0.2058424 0.0000000 0.1344567 0.1375963 0.1342031 0.0501012 0.1803970 2.1318147 1.9888852 0.1425213 0.3878322 0.3851109 0.0506776 0.0661257 0.0676034 0.1776488 0.0483529 0.1840273 2.2435319 0.0548626 0.1482829 0.1825501 0.0653982 0.0575699 0.1360303 0.1401350 2.3729500 0.0516442 0.0978746 0.1364761 2.6037648 0.1455573 0.1632032 0.0516566 0.1828703 0.0539567 0.0488036 0.1836452 0.0282252 0.0462921 0.2070606 0.2269570 1.1609264 0.1436750 0.0618982 0.0552022 0.1820610 0.0515440 0.1785399 0.1850208 0.0568856 0.1856186 0.0480207 0.1734680 0.1851763 0.1849220 0.0507520 1.6592470 2.5849751 0.1441152 1.0936916 0.1431074 0.0203499 0.1906122 0.0507926 0.3748299 0.1396905 0.1593800 0.0458190 0.0532493 
Pantoea_agglomerans_genome                                      0.1973870 0.1351138 0.1967648 0.1364785 0.1528476 0.1358068 0.1355843 0.2025024 0.0473208 2.2719224 0.2174063 0.1984357 0.1111997 0.1383413 0.1714554 0.1042046 0.1975668 0.1401441 0.1366477 0.1927047 0.1345786 0.1987863 0.1368667 0.2070134 0.1565147 0.0901037 0.1361414 0.1368394 0.1373469 0.1984931 0.1345555 0.1962130 0.2172362 0.1344567 0.0000000 0.1507317 0.1438495 0.1369696 0.1953112 2.1694369 2.0145387 0.1464316 0.3925003 0.3994436 0.1392174 0.1326007 0.1330520 0.1938491 0.1355618 0.1981439 2.3028685 0.1380120 0.1583635 0.1965458 0.1343831 0.1411386 0.1489906 0.1507006 2.3973115 0.1377074 0.1561140 0.1073199 2.6066008 0.1175461 0.1806206 0.1368222 0.1958846 0.1371340 0.1348780 0.1978403 0.1370540 0.1363238 0.2188947 0.2416840 1.1845773 0.1541231 0.1526372 0.1381037 0.1955885 0.1385745 0.1869614 0.1980519 0.1339164 0.1975915 0.1393683 0.1894669 0.1979110 0.1973208 0.1376844 1.7909886 2.6060835 0.1514457 1.1181168 0.1559432 0.1351719 0.2029230 0.1380142 0.3844812 0.1529125 0.1763408 0.1358304 0.1405178 
Pectobacterium_carotovorum_genome                               0.1615014 0.1358392 0.1600327 0.1399588 0.0614823 0.1385524 0.1402003 0.1651404 0.1486967 2.2480996 0.1907399 0.1641356 0.1512211 0.1413377 0.1416313 0.1461212 0.1601866 0.1398807 0.1385006 0.1576249 0.1402891 0.1624232 0.1388500 0.1836171 0.1501891 0.1464204 0.1345114 0.1380974 0.1421951 0.1603101 0.1352629 0.1615894 0.1894765 0.1375963 0.1507317 0.0000000 0.1088283 0.1416475 0.1605825 2.1107097 1.9764116 0.1201975 0.3809625 0.3817879 0.1410787 0.1345678 0.1309781 0.1570485 0.1384690 0.1631852 2.2331866 0.1400584 0.0988601 0.1593081 0.1343340 0.1465939 0.0343790 0.0149031 2.4049224 0.1425399 0.1489806 0.1470975 2.5762078 0.1584220 0.1534246 0.1395539 0.1599052 0.1389696 0.1383767 0.1613477 0.1413011 0.1392169 0.1918013 0.2133461 1.1618454 0.0977308 0.1526119 0.1390601 0.1614715 0.1419972 0.1528985 0.1629429 0.1384615 0.1624317 0.1406910 0.1546046 0.1630554 0.1619579 0.1404567 1.7236747 2.5709143 0.1242287 1.0965841 0.1246888 0.1397656 0.1685293 0.1409948 0.3713382 0.0159791 0.1502107 0.1370189 0.1436765 
