102
Photorhabdus_luminescens_genome       0.0000000 0.1754013 2.6701747 0.0979684 0.0938673 0.0944814 0.1916428 0.1950236 0.1588361 1.1218465 0.1742844 0.1475371 0.1879660 0.1735379 0.1656913 0.0964282 0.0936526 0.1788642 0.1564139 0.1758883 0.1754033 0.0988815 0.1746431 0.1824096 0.3921308 0.1518020 0.1752452 0.1748718 0.1748640 0.0929316 2.2736615 0.1611275 0.1520639 0.0914015 2.6222937 0.1785923 0.1777294 0.1756478 0.0948222 0.0941436 0.1789841 0.1785212 0.1788175 0.1798273 0.1729668 0.1752695 0.1583698 0.1902937 0.1945661 0.1724451 0.1820304 0.1021486 2.2274200 0.1767313 0.1956127 0.1790162 0.1654095 0.1837852 0.1619452 0.0916936 0.0893690 0.3917464 2.0270182 0.1916307 0.1802695 0.1806274 0.1563555 0.3808332 0.1794097 0.1841762 0.0982181 0.1793344 0.1725037 0.1817638 0.1735577 1.2093206 0.1832580 0.1542076 0.1539323 0.0978144 0.1818241 0.1797080 0.1006228 1.7452048 0.1740962 0.0925847 0.0961613 0.1682920 0.1791878 0.1817024 0.0930546 0.0915821 0.1632506 0.2012219 0.1792575 0.0334272 0.1789945 0.1809872 0.1631617 2.3539280 0.1804760 0.1781279 
Citrobacter_amalonaticus_genome       0.1754013 0.0000000 2.7044354 0.1880201 0.1860997 0.1848187 0.1376969 0.1438941 0.1404193 1.1005105 0.0239270 0.1907083 0.0479397 0.0638977 0.1485759 0.1832395 0.1820561 0.0318319 0.1343974 0.0236233 0.0648165 0.1864936 0.0363979 0.1630344 0.3846409 0.2047674 0.0354754 0.0357767 0.0254179 0.1836583 2.2829797 0.1443767 0.2059749 0.1816473 2.6407206 0.0490271 0.0325329 0.0359126 0.1848671 0.1824160 0.0308132 0.0316799 0.0307688 0.1004530 0.0641697 0.0381072 0.1384205 0.1338489 0.1793833 0.0637344 0.0500209 0.1840843 2.2238227 0.0372242 0.1371986 0.0312830 0.1455992 0.0629409 0.1415054 0.1830473 0.1794009 0.3826191 2.0278822 0.1382305 0.0354223 0.0502120 0.1431337 0.3746337 0.0458660 0.1615829 0.1830356 0.0303945 0.0641060 0.0509936 0.0629790 1.1843150 0.0478702 0.2051859 0.1356806 0.1824370 0.1601153 0.0473160 0.1894919 1.7801958 0.0313453 0.1812744 0.1832674 0.2272810 0.0492989 0.0548780 0.1827278 0.1820715 0.1446687 0.1456768 0.0310345 0.1721470 0.1242058 0.1000628 0.1437250 2.3038847 0.0504042 0.0566568 
Leptospira_alexanderi_genomic         2.6701747 2.7044354 0.0000000 2.7195515 2.6675799 2.6900601 2.7443423 2.6504466 2.6852282 2.9834687 2.7104614 2.6965316 2.6829469 2.6892203 2.6865920 2.6653741 2.6718738 2.7041254 2.6887476 2.6956901 2.6989924 2.6953742 2.7108491 2.6791584 2.7343722 2.6952913 2.7133267 2.7119862 2.7231199 2.6771261 2.8706620 2.7081297 2.6956463 2.6699319 2.7459543 2.7230748 2.7255682 2.7108221 2.6794382 2.6770775 2.7120593 2.7074875 2.7176080 2.7044187 2.6923620 2.7116216 2.6728351 2.7176024 2.8008775 2.6957904 2.6927206 2.6871519 2.6116411 2.7203372 2.6976324 2.7088059 2.6639607 2.7010998 2.6765861 2.6653180 2.6737998 2.7444989 2.4932541 2.7197792 2.7167747 2.7287420 2.6856241 2.7927611 2.7012860 2.7498093 2.6808972 2.7146364 2.6975955 2.7023375 2.7006851 2.8469694 2.7043071 2.6891524 2.6918828 2.6788658 2.6923745 2.6993553 2.7041846 2.5863594 2.7035942 2.6783013 2.6858615 2.7311050 2.7239292 2.7470353 2.6827749 2.6805398 2.6883472 2.7282222 2.7082716 2.6602494 2.6848976 2.7021811 2.6766097 2.8887293 2.7013073 2.6853697 
Xenorhabdus_bovienii_genome           0.0979684 0.1880201 2.7195515 0.0000000 0.0550987 0.0561492 0.2036281 0.2025127 0.1654713 1.1334334 0.1875526 0.1477425 0.1972204 0.1812618 0.1743231 0.0550983 0.0552702 0.1901699 0.1648550 0.1876293 0.1843401 0.0643341 0.1867948 0.1915569 0.3956807 0.1581107 0.1869804 0.1868146 0.1876563 0.0498895 2.2943749 0.1670474 0.1605188 0.0526874 2.6373775 0.1865184 0.1895138 0.1875365 0.0519630 0.0572962 0.1914656 0.1896275 0.1900875 0.1890305 0.1825428 0.1863924 0.1645167 0.1970176 0.2007530 0.1826575 0.1927841 0.0552371 2.2285035 0.1887241 0.1998089 0.1916941 0.1713990 0.1904940 0.1666724 0.0523384 0.0497273 0.3963139 2.0629446 0.2000901 0.1917539 0.1879928 0.1686340 0.3843466 0.1865073 0.1937024 0.0557897 0.1906511 0.1816926 0.1883550 0.1840367 1.2233605 0.1890825 0.1604650 0.1597739 0.0565924 0.1916957 0.1870465 0.0605586 1.7720206 0.1876335 0.0554048 0.0580751 0.1719718 0.1872304 0.1877401 0.0564653 0.0548191 0.1738723 0.2123831 0.1912260 0.0905688 0.1867291 0.1898527 0.1731587 2.3537230 0.1879016 0.1856862 
Xenorhabdus_budapestensis_genome      0.0938673 0.1860997 2.6675799 0.0550987 0.0000000 0.0545689 0.2010175 0.2047573 0.1670471 1.1286875 0.1852738 0.1439582 0.1988157 0.1805475 0.1730885 0.0375900 0.0513800 0.1900299 0.1615267 0.1854868 0.1846751 0.0583200 0.1856282 0.1903099 0.3862742 0.1561031 0.1860025 0.1858044 0.1863069 0.0473671 2.2914651 0.1694344 0.1562517 0.0166575 2.6345907 0.1849548 0.1886571 0.1863997 0.0511102 0.0504703 0.1905382 0.1893301 0.1897709 0.1862951 0.1812304 0.1852799 0.1647236 0.1962274 0.2029518 0.1816044 0.1888812 0.0530651 2.2289853 0.1878627 0.1999046 0.1913577 0.1725067 0.1889685 0.1681449 0.0182877 0.0457756 0.3872448 2.0407763 0.2010357 0.1931665 0.1871112 0.1670335 0.3781003 0.1849883 0.1973253 0.0512911 0.1904047 0.1819622 0.1884217 0.1834875 1.2154556 0.1887330 0.1566744 0.1603618 0.0529638 0.1882921 0.1868886 0.0575310 1.7773916 0.1864599 0.0490343 0.0541116 0.1662911 0.1852135 0.1902936 0.0505124 0.0519170 0.1752980 0.2083122 0.1900829 0.0898780 0.1845534 0.1870123 0.1696028 2.3330660 0.1882598 0.1856771 
Xenorhabdus_japonica_genomic          0.0944814 0.1848187 2.6900601 0.0561492 0.0545689 0.0000000 0.1976540 0.2042991 0.1686418 1.1361128 0.1837582 0.1470197 0.1986013 0.1804469 0.1748563 0.0553461 0.0370926 0.1897695 0.1647437 0.1854173 0.1837088 0.0467025 0.1846954 0.1904827 0.3924692 0.1587456 0.1851411 0.1849668 0.1854391 0.0374537 2.3152770 0.1680859 0.1607246 0.0512908 2.6629697 0.1858900 0.1880779 0.1855477 0.0407844 0.0378934 0.1900380 0.1888053 0.1894116 0.1871421 0.1819665 0.1849918 0.1659177 0.1972982 0.2045776 0.1817131 0.1903890 0.0469149 2.2410259 0.1867936 0.2005757 0.1909109 0.1709222 0.1898534 0.1698746 0.0523635 0.0352588 0.3906596 2.0406547 0.1998518 0.1924408 0.1875735 0.1693597 0.3780102 0.1851836 0.1939729 0.0456927 0.1889141 0.1810237 0.1884799 0.1829439 1.2310206 0.1890414 0.1607934 0.1612118 0.0466126 0.1896628 0.1873307 0.0478421 1.7981069 0.1859059 0.0371408 0.0401873 0.1707774 0.1861756 0.1884663 0.0378079 0.0259209 0.1758969 0.2060048 0.1897889 0.0904791 0.1839357 0.1881457 0.1731922 2.3572320 0.1890181 0.1850737 
Erwinia_psidii_genomic                0.1916428 0.1376969 2.7443423 0.2036281 0.2010175 0.1976540 0.0000000 0.0891852 0.1493743 1.1343549 0.1350532 0.2093344 0.1532779 0.1326693 0.1558852 0.1993523 0.1956370 0.1405436 0.1459421 0.1356071 0.1340541 0.2016982 0.1370226 0.1801085 0.4029232 0.2222322 0.1372687 0.1371797 0.1371813 0.1965236 2.3478136 0.1402923 0.2268506 0.1967561 2.7296850 0.1377018 0.1391778 0.1380303 0.1956606 0.1965521 0.1400898 0.1397898 0.1404687 0.1591322 0.1333835 0.1380697 0.1477157 0.1038268 0.1809864 0.1330056 0.1412457 0.2005167 2.2939114 0.1384918 0.1074051 0.1408974 0.1524692 0.1423827 0.1500856 0.1976893 0.1937951 0.4049161 2.0816286 0.0813298 0.1428402 0.1379334 0.1494939 0.3907183 0.1348006 0.1671974 0.1939897 0.1381173 0.1351829 0.1368400 0.1335245 1.2167096 0.1350460 0.2240231 0.1418044 0.1974274 0.1771245 0.1368045 0.2023444 1.7520092 0.1396550 0.1958367 0.1982419 0.2418907 0.1379694 0.1359005 0.1976719 0.1961794 0.1514981 0.0562610 0.1413889 0.1910921 0.1035587 0.1593178 0.1556116 2.4140159 0.1362842 0.1321962 
Erwinia_pyrifoliae_genome             0.1950236 0.1438941 2.6504466 0.2025127 0.2047573 0.2042991 0.0891852 0.0000000 0.1517956 1.1200753 0.1423534 0.2132875 0.1616146 0.1408553 0.1621470 0.2031273 0.2011584 0.1464073 0.1486883 0.1426231 0.1414519 0.2053661 0.1436016 0.1866528 0.3908414 0.2230189 0.1445727 0.1442495 0.1430412 0.2028508 2.2725014 0.1420689 0.2230668 0.2009634 2.6702690 0.1423137 0.1448264 0.1452545 0.2020864 0.2030164 0.1463788 0.1456379 0.1460541 0.1601774 0.1405782 0.1437401 0.1507499 0.1103555 0.1883577 0.1403957 0.1449574 0.2020219 2.2452974 0.1460707 0.1108789 0.1467213 0.1597500 0.1486683 0.1529841 0.2013743 0.1994150 0.3950987 1.9872365 0.0285261 0.1495936 0.1437180 0.1535815 0.3830666 0.1418675 0.1687305 0.2032072 0.1455127 0.1403798 0.1436897 0.1417897 1.1804348 0.1427759 0.2214177 0.1452797 0.2016455 0.1826306 0.1426167 0.2091032 1.7487406 0.1452356 0.2011764 0.2002090 0.2417093 0.1429121 0.1417737 0.2025301 0.2024620 0.1513865 0.1017776 0.1472870 0.1936363 0.1072699 0.1598398 0.1591764 2.3187975 0.1425379 0.1403274 
Pectobacterium_betavasculorum_genomic 0.1588361 0.1404193 2.6852282 0.1654713 0.1670471 0.1686418 0.1493743 0.1517956 0.0000000 1.1147446 0.1414863 0.1869682 0.1558768 0.1367346 0.0999953 0.1651540 0.1637025 0.1444550 0.0351677 0.1408563 0.1372729 0.1687633 0.1418207 0.1555323 0.3871458 0.1950720 0.1415971 0.1415605 0.1408552 0.1650744 2.2800711 0.1218761 0.1948248 0.1637101 2.6433866 0.1422356 0.1432982 0.1420701 0.1650569 0.1641237 0.1430721 0.1422627 0.1435927 0.1512365 0.1372002 0.1417749 0.0149066 0.1495698 0.1554335 0.1362812 0.1437784 0.1667084 2.2004675 0.1433578 0.1508101 0.1431871 0.1266472 0.1486175 0.0164446 0.1650224 0.1607845 0.3857197 2.0288527 0.1477809 0.1457495 0.1430269 0.0633427 0.3773013 0.1390002 0.1427377 0.1639236 0.1417822 0.1325041 0.1448894 0.1366219 1.1848464 0.1404377 0.1935324 0.1108839 0.1630649 0.1519006 0.1404812 0.1717195 1.7445047 0.1414595 0.1635458 0.1657891 0.2160062 0.1427350 0.1408429 0.1644081 0.1635619 0.1252729 0.1614686 0.1436650 0.1566675 0.1471047 0.1502800 0.0995616 2.3208455 0.1439571 0.1396777 
Neisseria_meningitidis_genome         1.1218465 1.1005105 2.9834687 1.1334334 1.1286875 1.1361128 1.1343549 1.1200753 1.1147446 0.0000000 1.0928745 1.1349753 1.1154482 1.0936920 1.1154575 1.1218715 1.1202940 1.1114443 1.1133910 1.0998923 1.0985924 1.1303700 1.1017842 1.1025787 1.1243626 1.1190510 1.0987863 1.0998311 1.0967893 1.1279918 2.5104589 1.1209654 1.1189598 1.1237184 2.8165946 1.1002245 1.1028658 1.1010368 1.1271968 1.1259591 1.1035674 1.1042117 1.1030196 1.1057739 1.0989397 1.1001453 1.1133104 1.1221848 1.1619563 1.1012045 1.1087377 1.1281127 2.3730571 1.1005780 1.1333090 1.1050997 1.1020188 1.1086222 1.1181221 1.1214108 1.1247985 1.1230618 2.2687782 1.1364366 1.1101478 1.1050628 1.1179485 1.1119160 1.0988422 1.1475531 1.1247848 1.1052102 1.1049333 1.1151693 1.1017875 0.9661689 1.1055191 1.1166970 1.1198196 1.1221468 1.1013806 1.1101421 1.1386341 1.5410302 1.1053338 1.1166131 1.1238453 1.1650813 1.1012489 1.1195279 1.1203125 1.1364121 1.1111163 1.1432880 1.1030749 1.1225084 1.1118454 1.1050252 1.1123011 2.5293761 1.1152403 1.0997268 
Citrobacter_rodentium_genome          0.1742844 0.0239270 2.7104614 0.1875526 0.1852738 0.1837582 0.1350532 0.1423534 0.1414863 1.0928745 0.0000000 0.1916367 0.0542546 0.0648374 0.1469212 0.1822945 0.1813164 0.0376381 0.1348941 0.0179422 0.0645815 0.1871331 0.0372869 0.1612955 0.3845825 0.2026365 0.0373203 0.0369862 0.0286580 0.1826601 2.2757941 0.1426171 0.2044200 0.1800736 2.6420725 0.0496601 0.0355137 0.0377595 0.1830652 0.1815405 0.0382309 0.0375449 0.0373882 0.1027624 0.0649050 0.0380269 0.1388797 0.1305370 0.1770210 0.0647072 0.0531906 0.1839689 2.2240613 0.0389619 0.1361546 0.0381614 0.1450737 0.0615633 0.1414773 0.1824256 0.1782838 0.3825038 2.0441437 0.1352539 0.0415794 0.0517881 0.1415738 0.3728102 0.0488146 0.1616611 0.1811637 0.0371765 0.0673321 0.0520830 0.0635089 1.1794014 0.0523723 0.2030566 0.1328128 0.1822479 0.1586170 0.0485717 0.1901515 1.7294099 0.0344723 0.1803308 0.1821204 0.2269303 0.0501083 0.0573455 0.1804172 0.1819199 0.1446943 0.1426097 0.0384752 0.1701835 0.1225433 0.1023779 0.1430057 2.3134953 0.0521097 0.0572720 
Providencia_rettgeri_genome           0.1475371 0.1907083 2.6965316 0.1477425 0.1439582 0.1470197 0.2093344 0.2132875 0.1869682 1.1349753 0.1916367 0.0000000 0.1988439 0.1889797 0.1907857 0.1435496 0.1437496 0.1959070 0.1837613 0.1913272 0.1894787 0.1484104 0.1906696 0.2065862 0.3946169 0.1598434 0.1897207 0.1897382 0.1928071 0.1433802 2.3050115 0.1904550 0.1571080 0.1412800 2.6169568 0.1891600 0.1940812 0.1903444 0.1467156 0.1461768 0.1943915 0.1942162 0.1952070 0.1975195 0.1891842 0.1900131 0.1848922 0.2081706 0.2256079 0.1898886 0.1944737 0.1464330 2.2196572 0.1911808 0.2083797 0.1951269 0.1886311 0.1965965 0.1879307 0.1408317 0.1403523 0.3928567 2.0361859 0.2097250 0.1981449 0.1896618 0.1847723 0.3855300 0.1895965 0.2116118 0.1454647 0.1950054 0.1896545 0.1941113 0.1896899 1.2250327 0.1923007 0.1568500 0.1817108 0.1439068 0.2015371 0.1915321 0.1511054 1.8198321 0.1920127 0.1427416 0.1475723 0.1738957 0.1896721 0.1922343 0.1463573 0.1460552 0.1934911 0.2168510 0.1949201 0.1415468 0.1942225 0.1978430 0.1878652 2.3418237 0.1941821 0.1927380 
Citrobacter_gillenii_genome           0.1879660 0.0479397 2.6829469 0.1972204 0.1988157 0.1986013 0.1532779 0.1616146 0.1558768 1.1154482 0.0542546 0.1988439 0.0000000 0.0851197 0.1617087 0.1957688 0.1958531 0.0330012 0.1504423 0.0522808 0.0838779 0.2009531 0.0557271 0.1840650 0.3962003 0.2140872 0.0554295 0.0553179 0.0493577 0.1964720 2.3013549 0.1561385 0.2150099 0.1945867 2.6075370 0.0679458 0.0513933 0.0558507 0.1972956 0.1963875 0.0340002 0.0329094 0.0299283 0.1189033 0.0857930 0.0577448 0.1536047 0.1495898 0.1917363 0.0849995 0.0584165 0.1962866 2.2234384 0.0567896 0.1535299 0.0325203 0.1568621 0.0805450 0.1544821 0.1967550 0.1922254 0.3965935 2.0286934 0.1546041 0.0154454 0.0666382 0.1585852 0.3840648 0.0628900 0.1753019 0.1962976 0.0313956 0.0828478 0.0638736 0.0834113 1.2174059 0.0659234 0.2132083 0.1481677 0.1964443 0.1797446 0.0623553 0.2020390 1.7759929 0.0527326 0.1959918 0.1977129 0.2465276 0.0686881 0.0662560 0.1965313 0.1959487 0.1578077 0.1619597 0.0336105 0.1848510 0.1452796 0.1184789 0.1589592 2.3216942 0.0640328 0.0724375 
Cronobacter_turicensis_genome         0.1735379 0.0638977 2.6892203 0.1812618 0.1805475 0.1804469 0.1326693 0.1408553 0.1367346 1.0936920 0.0648374 0.1889797 0.0851197 0.0000000 0.1413621 0.1784173 0.1784308 0.0690880 0.1309635 0.0622738 0.0146835 0.1813585 0.0665097 0.1616919 0.3834027 0.2014765 0.0666915 0.0664903 0.0638323 0.1776808 2.2630010 0.1394892 0.2035189 0.1769260 2.6414284 0.0666760 0.0677757 0.0670668 0.1790432 0.1785584 0.0684205 0.0670614 0.0683334 0.0956553 0.0089313 0.0684531 0.1350061 0.1280812 0.1764405 0.0095535 0.0723171 0.1813053 2.2065994 0.0680117 0.1329439 0.0679067 0.1422245 0.0726372 0.1365520 0.1781902 0.1739590 0.3826063 2.0442306 0.1340550 0.0721142 0.0679660 0.1393502 0.3718733 0.0619885 0.1588315 0.1771154 0.0678523 0.0647692 0.0703743 0.0150027 1.1768261 0.0652444 0.2016402 0.1329710 0.1781496 0.1570368 0.0662112 0.1858907 1.7068365 0.0672278 0.1776455 0.1797126 0.2237247 0.0671565 0.0693444 0.1790333 0.1796407 0.1397571 0.1406390 0.0689979 0.1690336 0.1201336 0.0940835 0.1382608 2.3205525 0.0700187 0.0678435 
Dickeya_solani_genome                 0.1656913 0.1485759 2.6865920 0.1743231 0.1730885 0.1748563 0.1558852 0.1621470 0.0999953 1.1154575 0.1469212 0.1907857 0.1617087 0.1413621 0.0000000 0.1722216 0.1728565 0.1530701 0.0989312 0.1490671 0.1428157 0.1753191 0.1494822 0.1482792 0.3883122 0.2021856 0.1490982 0.1492142 0.1473694 0.1734528 2.3343732 0.1414421 0.2016188 0.1708961 2.6730416 0.1482964 0.1500764 0.1497539 0.1737912 0.1726237 0.1504364 0.1509840 0.1516558 0.1503563 0.1414180 0.1496749 0.0990339 0.1563708 0.1745540 0.1401486 0.1502308 0.1765743 2.2355472 0.1511521 0.1585644 0.1515307 0.1429039 0.1544258 0.1006540 0.1707987 0.1705069 0.3858788 2.0685339 0.1569693 0.1518183 0.1500525 0.0966189 0.3748669 0.1462667 0.1600959 0.1728311 0.1519899 0.1428776 0.1530210 0.1429662 1.1916492 0.1486203 0.2018383 0.1315501 0.1729858 0.1465668 0.1484501 0.1792506 1.7726505 0.1491035 0.1710001 0.1734794 0.2185882 0.1486045 0.1491238 0.1718805 0.1736150 0.1455393 0.1678716 0.1517156 0.1627334 0.1442130 0.1498904 0.0154527 2.3454383 0.1520660 0.1485755 
Xenorhabdus_innexi_genomic            0.0964282 0.1832395 2.6653741 0.0550983 0.0375900 0.0553461 0.1993523 0.2031273 0.1651540 1.1218715 0.1822945 0.1435496 0.1957688 0.1784173 0.1722216 0.0000000 0.0515558 0.1885095 0.1626298 0.1827948 0.1823960 0.0598384 0.1842735 0.1886896 0.3865955 0.1576003 0.1841410 0.1839512 0.1844954 0.0488586 2.2889549 0.1672610 0.1559031 0.0335154 2.6353893 0.1818772 0.1859096 0.1845622 0.0528372 0.0534460 0.1882339 0.1869079 0.1874951 0.1857225 0.1802116 0.1835787 0.1638925 0.1970797 0.2022868 0.1799795 0.1885786 0.0544796 2.2309043 0.1860064 0.2006225 0.1888092 0.1709426 0.1864014 0.1664585 0.0343876 0.0472988 0.3874305 2.0403613 0.1995856 0.1911894 0.1843812 0.1662290 0.3764219 0.1827215 0.1910443 0.0528639 0.1881481 0.1818396 0.1848719 0.1807935 1.2148425 0.1868590 0.1559750 0.1592550 0.0545636 0.1862689 0.1838267 0.0577278 1.7550947 0.1829137 0.0515564 0.0561558 0.1687418 0.1822072 0.1874647 0.0527335 0.0534242 0.1727843 0.2062661 0.1877658 0.0915417 0.1843483 0.1862840 0.1697307 2.3253943 0.1848016 0.1835001 
Xenorhabdus_doucetiae_genome          0.0936526 0.1820561 2.6718738 0.0552702 0.0513800 0.0370926 0.1956370 0.2011584 0.1637025 1.1202940 0.1813164 0.1437496 0.1958531 0.1784308 0.1728565 0.0515558 0.0000000 0.1864923 0.1611813 0.1820901 0.1820736 0.0410838 0.1823289 0.1886090 0.3859508 0.1549101 0.1823385 0.1825874 0.1824335 0.0355510 2.2950474 0.1674065 0.1573781 0.0472815 2.6487474 0.1831540 0.1850207 0.1827393 0.0377631 0.0325281 0.1866729 0.1856174 0.1861769 0.1856468 0.1790953 0.1821196 0.1621196 0.1973688 0.2021002 0.1789036 0.1867293 0.0459327 2.2306136 0.1839264 0.2005988 0.1875842 0.1700273 0.1854015 0.1665190 0.0484956 0.0320294 0.3846571 2.0453572 0.1972063 0.1903817 0.1849629 0.1663482 0.3707838 0.1828815 0.1918807 0.0439185 0.1866909 0.1777649 0.1856378 0.1809889 1.2117858 0.1866771 0.1576464 0.1590093 0.0439162 0.1859146 0.1853757 0.0473516 1.7732358 0.1830181 0.0321650 0.0357085 0.1673995 0.1837852 0.1859225 0.0317481 0.0349509 0.1754728 0.2060480 0.1868317 0.0899477 0.1824115 0.1862998 0.1706511 2.3329916 0.1854499 0.1823953 
Citrobacter_werkmanii_genome          0.1788642 0.0318319 2.7041254 0.1901699 0.1900299 0.1897695 0.1405436 0.1464073 0.1444550 1.1114443 0.0376381 0.1959070 0.0330012 0.0690880 0.1530701 0.1885095 0.1864923 0.0000000 0.1393668 0.0362358 0.0690683 0.1908179 0.0397528 0.1663933 0.3871655 0.2056923 0.0398486 0.0400941 0.0317711 0.1876489 2.2712688 0.1461796 0.2059401 0.1860230 2.6488815 0.0551373 0.0323840 0.0405214 0.1884840 0.1869155 0.0110739 0.0087464 0.0074769 0.1023397 0.0682794 0.0417031 0.1427812 0.1336833 0.1830367 0.0676037 0.0450863 0.1882679 2.2278978 0.0414740 0.1379792 0.0089866 0.1460734 0.0661410 0.1444926 0.1871592 0.1837799 0.3871380 2.0384143 0.1394199 0.0207718 0.0560283 0.1458832 0.3799196 0.0484176 0.1644965 0.1884876 0.0175863 0.0690485 0.0529186 0.0671599 1.1892658 0.0524177 0.2050377 0.1392892 0.1883965 0.1637514 0.0516973 0.1947185 1.7620892 0.0325077 0.1861401 0.1868761 0.2335737 0.0557904 0.0562034 0.1868064 0.1873472 0.1443827 0.1480242 0.0109852 0.1752930 0.1264823 0.1010642 0.1486026 2.3070909 0.0528490 0.0584525 
Samsonia_erythrinae_genomic           0.1564139 0.1343974 2.6887476 0.1648550 0.1615267 0.1647437 0.1459421 0.1486883 0.0351677 1.1133910 0.1348941 0.1837613 0.1504423 0.1309635 0.0989312 0.1626298 0.1611813 0.1393668 0.0000000 0.1351283 0.1319427 0.1655108 0.1371126 0.1495652 0.3869185 0.1909517 0.1369041 0.1367038 0.1352121 0.1611928 2.2923951 0.1235001 0.1916435 0.1587428 2.6424251 0.1368909 0.1374901 0.1373582 0.1628537 0.1629984 0.1388508 0.1386502 0.1393394 0.1468253 0.1313900 0.1365654 0.0344008 0.1458404 0.1558087 0.1310102 0.1406621 0.1644984 2.1788216 0.1386802 0.1491272 0.1391839 0.1259143 0.1430399 0.0385758 0.1608016 0.1571903 0.3824220 2.0299012 0.1451786 0.1418051 0.1383825 0.0628561 0.3735425 0.1344130 0.1451127 0.1608017 0.1379566 0.1291271 0.1401190 0.1315545 1.1658717 0.1368605 0.1914428 0.1114170 0.1591119 0.1470494 0.1363654 0.1677122 1.7560283 0.1350838 0.1613639 0.1624340 0.2113721 0.1373848 0.1392726 0.1621850 0.1600906 0.1261409 0.1563467 0.1399836 0.1542724 0.1418189 0.1465135 0.0964313 2.3187821 0.1389573 0.1371942 
Citrobacter_sedlakii_genome           0.1758883 0.0236233 2.6956901 0.1876293 0.1854868 0.1854173 0.1356071 0.1426231 0.1408563 1.0998923 0.0179422 0.1913272 0.0522808 0.0622738 0.1490671 0.1827948 0.1820901 0.0362358 0.1351283 0.0000000 0.0625621 0.1877229 0.0354325 0.1625364 0.3855086 0.2012346 0.0354481 0.0351991 0.0271493 0.1836412 2.2767459 0.1425924 0.2037638 0.1810389 2.6411163 0.0491981 0.0332740 0.0357184 0.1839686 0.1823584 0.0360400 0.0353703 0.0356297 0.0981047 0.0620244 0.0366907 0.1387975 0.1306796 0.1766213 0.0612637 0.0511234 0.1841553 2.2194999 0.0369024 0.1359165 0.0356736 0.1449823 0.0621003 0.1406293 0.1829279 0.1792211 0.3838122 2.0446738 0.1354490 0.0399529 0.0511606 0.1408459 0.3750708 0.0467525 0.1615812 0.1832388 0.0353953 0.0644436 0.0515260 0.0613146 1.1896956 0.0502197 0.2021856 0.1324787 0.1829313 0.1595304 0.0483953 0.1899622 1.7582154 0.0317449 0.1815488 0.1828965 0.2254945 0.0494758 0.0561502 0.1823794 0.1834453 0.1443175 0.1429261 0.0362611 0.1720197 0.1219503 0.0983284 0.1438103 2.3243102 0.0514735 0.0558809 
Cronobacter_dublinensis_genome        0.1754033 0.0648165 2.6989924 0.1843401 0.1846751 0.1837088 0.1340541 0.1414519 0.1372729 1.0985924 0.0645815 0.1894787 0.0838779 0.0146835 0.1428157 0.1823960 0.1820736 0.0690683 0.1319427 0.0625621 0.0000000 0.1851143 0.0672623 0.1627290 0.3874637 0.2040700 0.0673395 0.0671911 0.0629993 0.1818079 2.2728449 0.1409335 0.2060163 0.1805325 2.6524152 0.0668255 0.0672567 0.0676084 0.1826250 0.1819484 0.0681448 0.0669396 0.0673856 0.0953316 0.0159323 0.0683010 0.1361519 0.1301964 0.1769447 0.0155937 0.0721615 0.1850720 2.2320034 0.0689518 0.1354646 0.0668974 0.1427649 0.0730352 0.1373777 0.1818413 0.1781908 0.3847904 2.0424949 0.1343253 0.0712353 0.0677497 0.1414029 0.3740413 0.0624141 0.1595466 0.1803479 0.0685211 0.0652575 0.0694400 0.0092483 1.1772610 0.0649163 0.2043643 0.1333538 0.1810984 0.1577115 0.0659396 0.1896131 1.6837605 0.0669234 0.1815017 0.1833710 0.2252215 0.0673049 0.0682551 0.1825490 0.1826181 0.1402435 0.1422721 0.0685914 0.1705064 0.1216780 0.0942135 0.1393579 2.3247820 0.0694446 0.0687615 
Xenorhabdus_poinarii_genome           0.0988815 0.1864936 2.6953742 0.0643341 0.0583200 0.0467025 0.2016982 0.2053661 0.1687633 1.1303700 0.1871331 0.1484104 0.2009531 0.1813585 0.1753191 0.0598384 0.0410838 0.1908179 0.1655108 0.1877229 0.1851143 0.0000000 0.1863733 0.1924306 0.3895980 0.1597134 0.1871987 0.1868592 0.1867409 0.0463507 2.3058880 0.1732181 0.1607880 0.0544113 2.6601608 0.1863934 0.1910033 0.1876066 0.0468020 0.0432577 0.1916858 0.1905951 0.1910922 0.1888770 0.1816964 0.1862393 0.1665039 0.1997510 0.2078869 0.1816082 0.1918115 0.0556515 2.2479782 0.1890474 0.2045894 0.1922863 0.1748653 0.1889814 0.1713905 0.0553859 0.0427760 0.3875551 2.0457361 0.2022636 0.1953147 0.1883084 0.1687268 0.3746052 0.1873067 0.1974424 0.0516672 0.1911735 0.1815815 0.1902298 0.1872795 1.2162633 0.1905338 0.1616419 0.1634375 0.0526120 0.1910981 0.1883322 0.0560527 1.7355352 0.1887638 0.0421515 0.0460453 0.1733974 0.1868384 0.1901148 0.0418728 0.0438725 0.1812476 0.2089825 0.1911775 0.0962434 0.1850092 0.1899831 0.1741985 2.3476465 0.1895640 0.1869916 
Escherichia_fergusonii_genome         0.1746431 0.0363979 2.7108491 0.1867948 0.1856282 0.1846954 0.1370226 0.1436016 0.1418207 1.1017842 0.0372869 0.1906696 0.0557271 0.0665097 0.1494822 0.1842735 0.1823289 0.0397528 0.1371126 0.0354325 0.0672623 0.1863733 0.0000000 0.1621724 0.3818182 0.2030635 0.0068735 0.0067920 0.0341761 0.1832644 2.2675180 0.1451819 0.2044256 0.1816751 2.6239131 0.0537970 0.0350356 0.0075032 0.1858910 0.1835356 0.0390440 0.0393462 0.0401733 0.0972975 0.0661765 0.0107100 0.1391767 0.1314162 0.1789106 0.0657653 0.0554237 0.1854088 2.2068058 0.0083763 0.1372246 0.0393266 0.1459908 0.0642712 0.1413373 0.1830668 0.1794051 0.3790155 2.0394116 0.1369633 0.0444421 0.0568954 0.1434713 0.3695388 0.0511169 0.1627575 0.1835198 0.0387417 0.0687328 0.0555883 0.0651038 1.1799800 0.0560807 0.2027977 0.1353571 0.1852595 0.1585015 0.0534467 0.1910097 1.7576129 0.0382357 0.1836100 0.1844395 0.2252921 0.0540782 0.0593681 0.1838283 0.1829279 0.1448090 0.1450844 0.0392941 0.1704568 0.1231171 0.0967452 0.1439739 2.3189282 0.0554346 0.0596907 
Edwardsiella_ictaluri_genome          0.1824096 0.1630344 2.6791584 0.1915569 0.1903099 0.1904827 0.1801085 0.1866528 0.1555323 1.1025787 0.1612955 0.2065862 0.1840650 0.1616919 0.1482792 0.1886896 0.1886090 0.1663933 0.1495652 0.1625364 0.1627290 0.1924306 0.1621724 0.0000000 0.3886874 0.2078280 0.1626369 0.1623193 0.1643981 0.1887093 2.2935153 0.1590536 0.2093220 0.1876827 2.6763553 0.1623787 0.1657313 0.1629521 0.1889168 0.1892510 0.1656259 0.1660214 0.1662808 0.1615562 0.1625787 0.1625983 0.1537234 0.1782153 0.1930008 0.1619502 0.1690171 0.1914349 2.2408753 0.1641755 0.1810579 0.1666400 0.1217718 0.1652378 0.1566558 0.1876027 0.1853743 0.3883824 2.0833058 0.1826864 0.1686305 0.1649904 0.1472100 0.3765300 0.1618923 0.1792563 0.1899315 0.1661175 0.1573701 0.1675106 0.1636840 1.1753576 0.1640665 0.2080294 0.1488641 0.1884671 0.0388260 0.1638091 0.1951563 1.7020860 0.1645629 0.1865033 0.1893945 0.2331390 0.1627253 0.1672931 0.1901057 0.1908533 0.1633968 0.1898276 0.1664294 0.1773149 0.1652637 0.1596502 0.1456795 2.3791763 0.1673148 0.1665218 
Haemophilus_influenzae_genome         0.3921308 0.3846409 2.7343722 0.3956807 0.3862742 0.3924692 0.4029232 0.3908414 0.3871458 1.1243626 0.3845825 0.3946169 0.3962003 0.3834027 0.3883122 0.3865955 0.3859508 0.3871655 0.3869185 0.3855086 0.3874637 0.3895980 0.3818182 0.3886874 0.0000000 0.3986055 0.3816605 0.3818440 0.3878022 0.3863158 2.3447858 0.4017943 0.4010874 0.3834221 2.6851062 0.3895906 0.3825411 0.3823100 0.3889053 0.3837066 0.3860435 0.3859960 0.3851266 0.3857726 0.3848068 0.3806353 0.3853600 0.3933571 0.4306781 0.3848544 0.3926691 0.3900596 2.2027882 0.3834602 0.4025536 0.3853184 0.3847827 0.3895185 0.3902969 0.3828494 0.3832312 0.1329780 2.0676043 0.3925632 0.3886529 0.3918148 0.3911938 0.1569838 0.3865881 0.4120284 0.3891508 0.3851422 0.3862019 0.3896893 0.3877081 1.2597215 0.3888645 0.3973892 0.3924283 0.3888908 0.3827988 0.3895321 0.3940591 1.9099633 0.3838601 0.3840474 0.3874156 0.4216936 0.3899536 0.3946707 0.3831718 0.3903073 0.3873488 0.4085137 0.3858685 0.3906043 0.3852901 0.3866474 0.3863960 2.3325706 0.3893635 0.3906798 
Proteus_mirabilis_genome              0.1518020 0.2047674 2.6952913 0.1581107 0.1561031 0.1587456 0.2222322 0.2230189 0.1950720 1.1190510 0.2026365 0.1598434 0.2140872 0.2014765 0.2021856 0.1576003 0.1549101 0.2056923 0.1909517 0.2012346 0.2040700 0.1597134 0.2030635 0.2078280 0.3986055 0.0000000 0.2019695 0.2017644 0.2042300 0.1527414 2.3006567 0.1977500 0.0335707 0.1551219 2.6431576 0.2065061 0.2055654 0.2026311 0.1566786 0.1550634 0.2059537 0.2054689 0.2068294 0.2093943 0.2025118 0.2030310 0.1928951 0.2158812 0.2336845 0.2027405 0.2115359 0.1591508 2.2108438 0.2039627 0.2197964 0.2066561 0.1928912 0.2082578 0.1946677 0.1554833 0.1498438 0.4013430 2.0518939 0.2216804 0.2088370 0.2084493 0.1955898 0.3908475 0.2064134 0.2218016 0.1552991 0.2057722 0.2025669 0.2092218 0.2041027 1.2000451 0.2081261 0.0327215 0.1952557 0.1570962 0.2035377 0.2081466 0.1591254 1.6507310 0.2032146 0.1531119 0.1560791 0.1959662 0.2067286 0.2105618 0.1549552 0.1555850 0.2023521 0.2291937 0.2068883 0.1486164 0.2061358 0.2095865 0.1994034 2.3293291 0.2092087 0.2086136 
Shigella_boydii_genome                0.1752452 0.0354754 2.7133267 0.1869804 0.1860025 0.1851411 0.1372687 0.1445727 0.1415971 1.0987863 0.0373203 0.1897207 0.0554295 0.0666915 0.1490982 0.1841410 0.1823385 0.0398486 0.1369041 0.0354481 0.0673395 0.1871987 0.0068735 0.1626369 0.3816605 0.2019695 0.0000000 0.0020856 0.0337470 0.1838021 2.2708772 0.1449945 0.2035934 0.1812986 2.6188730 0.0543306 0.0349399 0.0018538 0.1863019 0.1835679 0.0392591 0.0394400 0.0398445 0.0978241 0.0660985 0.0097011 0.1388242 0.1310701 0.1794113 0.0656678 0.0567496 0.1849932 2.2077445 0.0033289 0.1370024 0.0397036 0.1458506 0.0656546 0.1412345 0.1827798 0.1796582 0.3802823 2.0334553 0.1378119 0.0445009 0.0571621 0.1437083 0.3697513 0.0506752 0.1626364 0.1844841 0.0389275 0.0685101 0.0560757 0.0652379 1.1806655 0.0553259 0.2020120 0.1360888 0.1856356 0.1583664 0.0535576 0.1917334 1.7576129 0.0377725 0.1835445 0.1847589 0.2252018 0.0546120 0.0599072 0.1839970 0.1832359 0.1448712 0.1456490 0.0393786 0.1711074 0.1235024 0.0969716 0.1436064 2.3139811 0.0559981 0.0598646 
Escherichia_coli_genome               0.1748718 0.0357767 2.7119862 0.1868146 0.1858044 0.1849668 0.1371797 0.1442495 0.1415605 1.0998311 0.0369862 0.1897382 0.0553179 0.0664903 0.1492142 0.1839512 0.1825874 0.0400941 0.1367038 0.0351991 0.0671911 0.1868592 0.0067920 0.1623193 0.3818440 0.2017644 0.0020856 0.0000000 0.0334914 0.1833844 2.2727900 0.1450037 0.2034530 0.1811004 2.6233764 0.0540406 0.0349761 0.0027053 0.1861197 0.1836219 0.0394825 0.0396836 0.0400885 0.0972265 0.0662561 0.0095422 0.1388865 0.1309560 0.1790962 0.0658423 0.0560367 0.1849217 2.2102213 0.0036410 0.1368236 0.0399477 0.1457048 0.0654331 0.1413840 0.1823435 0.1793681 0.3807545 2.0372428 0.1374793 0.0443947 0.0566106 0.1439523 0.3698079 0.0503667 0.1634379 0.1841835 0.0391709 0.0682669 0.0556412 0.0652846 1.1820529 0.0553657 0.2019986 0.1357888 0.1854563 0.1580011 0.0532112 0.1914331 1.7576129 0.0379310 0.1835986 0.1845934 0.2256334 0.0543216 0.0596351 0.1838226 0.1830617 0.1452134 0.1455531 0.0395177 0.1705459 0.1232246 0.0962533 0.1438330 2.3181681 0.0555073 0.0599936 
Citrobacter_koseri_genome             0.1748640 0.0254179 2.7231199 0.1876563 0.1863069 0.1854391 0.1371813 0.1430412 0.1408552 1.0967893 0.0286580 0.1928071 0.0493577 0.0638323 0.1473694 0.1844954 0.1824335 0.0317711 0.1352121 0.0271493 0.0629993 0.1867409 0.0341761 0.1643981 0.3878022 0.2042300 0.0337470 0.0334914 0.0000000 0.1851111 2.2943400 0.1426536 0.2072662 0.1813405 2.6460011 0.0487586 0.0323291 0.0341796 0.1855534 0.1838105 0.0313119 0.0298186 0.0307795 0.1012660 0.0630164 0.0353039 0.1395506 0.1314282 0.1782587 0.0622900 0.0482517 0.1851101 2.2381717 0.0351891 0.1366861 0.0300708 0.1457121 0.0620794 0.1406956 0.1832121 0.1809891 0.3871663 2.0464979 0.1373551 0.0362892 0.0501108 0.1411830 0.3774971 0.0451309 0.1607207 0.1844943 0.0320946 0.0642481 0.0484456 0.0615915 1.1884146 0.0486106 0.2055080 0.1330642 0.1846131 0.1606475 0.0463325 0.1905397 1.7586847 0.0299832 0.1825042 0.1845428 0.2277234 0.0491229 0.0534038 0.1833708 0.1834833 0.1435705 0.1452826 0.0311194 0.1720827 0.1235181 0.1011439 0.1428004 2.3286657 0.0485667 0.0540449 
Xenorhabdus_khoisanae_genomic         0.0929316 0.1836583 2.6771261 0.0498895 0.0473671 0.0374537 0.1965236 0.2028508 0.1650744 1.1279918 0.1826601 0.1433802 0.1964720 0.1776808 0.1734528 0.0488586 0.0355510 0.1876489 0.1611928 0.1836412 0.1818079 0.0463507 0.1832644 0.1887093 0.3863158 0.1527414 0.1838021 0.1833844 0.1851111 0.0000000 2.3005126 0.1674679 0.1538614 0.0439825 2.6361732 0.1841923 0.1853019 0.1841042 0.0286463 0.0351368 0.1883492 0.1878962 0.1876803 0.1858217 0.1796817 0.1835124 0.1634444 0.1964129 0.2028350 0.1792650 0.1888735 0.0409889 2.2262636 0.1857077 0.1981893 0.1898215 0.1712460 0.1871672 0.1665589 0.0443890 0.0123008 0.3860952 2.0372996 0.1987577 0.1919393 0.1860515 0.1668564 0.3741218 0.1835284 0.1938340 0.0376053 0.1879625 0.1783416 0.1868646 0.1837262 1.2162852 0.1870367 0.1540447 0.1578238 0.0408673 0.1870040 0.1853015 0.0414054 1.7686126 0.1830040 0.0350334 0.0389835 0.1682768 0.1845440 0.1870275 0.0350214 0.0356115 0.1758551 0.2057395 0.1883701 0.0900996 0.1814337 0.1865796 0.1721380 2.3309194 0.1864202 0.1835778 
Anabaena_sphaerica_genomic            2.2736615 2.2829797 2.8706620 2.2943749 2.2914651 2.3152770 2.3478136 2.2725014 2.2800711 2.5104589 2.2757941 2.3050115 2.3013549 2.2630010 2.3343732 2.2889549 2.2950474 2.2712688 2.2923951 2.2767459 2.2728449 2.3058880 2.2675180 2.2935153 2.3447858 2.3006567 2.2708772 2.2727900 2.2943400 2.3005126 0.0000000 2.3106482 2.3112087 2.2843244 2.5804007 2.2935385 2.2536636 2.2726688 2.2946311 2.2906546 2.2768099 2.2785273 2.2742513 2.3006250 2.2678971 2.2699782 2.2830775 2.3113682 2.4074358 2.2874151 2.3045528 2.3048473 2.2016652 2.2738094 2.2973090 2.2781870 2.2982168 2.2983527 2.2844890 2.2783783 2.2929409 2.3278139 2.0118964 2.2998475 2.2923100 2.2983974 2.3164009 2.3695564 2.2766691 2.3490728 2.2795333 2.2872933 2.2969899 2.3016214 2.2708461 2.6497326 2.2730488 2.2996120 2.3332455 2.2977098 2.2996483 2.3042656 2.3136967 1.9905352 2.2438895 2.2923874 2.3055587 2.3645244 2.2947326 2.3109556 2.2912661 2.3160331 2.3147778 2.3590246 2.2747183 2.2645954 2.2863870 2.2928404 2.3243824 2.2932673 2.3016669 2.2743614 
Serratia_proteamaculans_genome        0.1611275 0.1443767 2.7081297 0.1670474 0.1694344 0.1680859 0.1402923 0.1420689 0.1218761 1.1209654 0.1426171 0.1904550 0.1561385 0.1394892 0.1414421 0.1672610 0.1674065 0.1461796 0.1235001 0.1425924 0.1409335 0.1732181 0.1451819 0.1590536 0.4017943 0.1977500 0.1449945 0.1450037 0.1426536 0.1674679 2.3106482 0.0000000 0.1988416 0.1660612 2.6528101 0.1419916 0.1474754 0.1456538 0.1662848 0.1690622 0.1446687 0.1449759 0.1453976 0.1592702 0.1404489 0.1450376 0.1205320 0.1445744 0.0875974 0.1404783 0.1477692 0.1666052 2.2607204 0.1465775 0.1468956 0.1452667 0.1190477 0.1491406 0.1234073 0.1676004 0.1625828 0.4003909 2.0651911 0.1372350 0.1461450 0.1427527 0.1275361 0.3854173 0.1416634 0.1270749 0.1694354 0.1457571 0.1356753 0.1419801 0.1407467 1.2049584 0.1432709 0.1961510 0.0441166 0.1665325 0.1573994 0.1434012 0.1755554 1.6871928 0.1458395 0.1673527 0.1692210 0.2212442 0.1426037 0.1444695 0.1698067 0.1683477 0.1031069 0.1521648 0.1457755 0.1581984 0.1374578 0.1570119 0.1399471 2.3395141 0.1419322 0.1430661 
Proteus_vulgaris_genome               0.1520639 0.2059749 2.6956463 0.1605188 0.1562517 0.1607246 0.2268506 0.2230668 0.1948248 1.1189598 0.2044200 0.1571080 0.2150099 0.2035189 0.2016188 0.1559031 0.1573781 0.2059401 0.1916435 0.2037638 0.2060163 0.1607880 0.2044256 0.2093220 0.4010874 0.0335707 0.2035934 0.2034530 0.2072662 0.1538614 2.3112087 0.1988416 0.0000000 0.1543280 2.6760461 0.2079165 0.2072495 0.2042538 0.1581321 0.1559337 0.2071023 0.2064758 0.2074440 0.2078712 0.2049012 0.2049663 0.1925875 0.2158259 0.2357954 0.2047369 0.2118558 0.1595680 2.2323583 0.2057201 0.2195031 0.2072719 0.1929810 0.2098982 0.1937770 0.1545435 0.1511259 0.4023133 2.0571758 0.2209936 0.2105510 0.2100911 0.1947090 0.3897794 0.2072720 0.2213765 0.1553731 0.2068734 0.2041341 0.2106397 0.2059320 1.2068282 0.2094158 0.0142773 0.1944500 0.1571866 0.2040260 0.2095286 0.1601440 1.6777324 0.2044690 0.1540094 0.1567114 0.1964212 0.2080913 0.2119311 0.1564885 0.1576997 0.2035626 0.2347604 0.2075887 0.1513143 0.2063036 0.2075938 0.1999660 2.3411779 0.2103231 0.2092267 
Xenorhabdus_cabanillasii_genomic      0.0914015 0.1816473 2.6699319 0.0526874 0.0166575 0.0512908 0.1967561 0.2009634 0.1637101 1.1237184 0.1800736 0.1412800 0.1945867 0.1769260 0.1708961 0.0335154 0.0472815 0.1860230 0.1587428 0.1810389 0.1805325 0.0544113 0.1816751 0.1876827 0.3834221 0.1551219 0.1812986 0.1811004 0.1813405 0.0439825 2.2843244 0.1660612 0.1543280 0.0000000 2.6229575 0.1806789 0.1837813 0.1816933 0.0471283 0.0472589 0.1862184 0.1850636 0.1854391 0.1824210 0.1778554 0.1810146 0.1619669 0.1937628 0.2000002 0.1779292 0.1851101 0.0504378 2.2325427 0.1831446 0.1968564 0.1871379 0.1690854 0.1854802 0.1649511 0.0124920 0.0417452 0.3844550 2.0355530 0.1971325 0.1893660 0.1827373 0.1637743 0.3761604 0.1807568 0.1933954 0.0491191 0.1856831 0.1778369 0.1841126 0.1796636 1.2150288 0.1850715 0.1545488 0.1571911 0.0503501 0.1863716 0.1822648 0.0539098 1.7608519 0.1811052 0.0457817 0.0505011 0.1650374 0.1808593 0.1853059 0.0472829 0.0485294 0.1721204 0.2050382 0.1857239 0.0866264 0.1815876 0.1832920 0.1678703 2.3298574 0.1837220 0.1813204 
Hydrogenobacter_thermophilus_genome   2.6222937 2.6407206 2.7459543 2.6373775 2.6345907 2.6629697 2.7296850 2.6702690 2.6433866 2.8165946 2.6420725 2.6169568 2.6075370 2.6414284 2.6730416 2.6353893 2.6487474 2.6488815 2.6424251 2.6411163 2.6524152 2.6601608 2.6239131 2.6763553 2.6851062 2.6431576 2.6188730 2.6233764 2.6460011 2.6361732 2.5804007 2.6528101 2.6760461 2.6229575 0.0000000 2.6532908 2.6410652 2.6241186 2.6401511 2.6392809 2.6501900 2.6537709 2.6532310 2.6685654 2.6391096 2.6269046 2.6404938 2.6949099 2.7521666 2.6375885 2.6592106 2.6400450 2.5510188 2.6246211 2.6840130 2.6507943 2.6777027 2.6687424 2.6518205 2.6199020 2.6337585 2.7027601 2.1744134 2.7132609 2.6399612 2.6549905 2.6467703 2.6687477 2.6580616 2.7654131 2.6540687 2.6464722 2.6693586 2.6546274 2.6439675 2.7642816 2.6693552 2.6697239 2.6874028 2.6497149 2.6802003 2.6565279 2.6566364 2.6676790 2.6499692 2.6376944 2.6526318 2.6449184 2.6529525 2.6660338 2.6470658 2.6515351 2.6670354 2.7343070 2.6549038 2.6202732 2.6732468 2.6714171 2.6577790 2.6025189 2.6512371 2.6515200 
Klebsiella_pneumoniae_genome          0.1785923 0.0490271 2.7230748 0.1865184 0.1849548 0.1858900 0.1377018 0.1423137 0.1422356 1.1002245 0.0496601 0.1891600 0.0679458 0.0666760 0.1482964 0.1818772 0.1831540 0.0551373 0.1368909 0.0491981 0.0668255 0.1863934 0.0537970 0.1623787 0.3895906 0.2065061 0.0543306 0.0540406 0.0487586 0.1841923 2.2935385 0.1419916 0.2079165 0.1806789 2.6532908 0.0000000 0.0553099 0.0547633 0.1859148 0.1833779 0.0535221 0.0539969 0.0544103 0.1011608 0.0667266 0.0551835 0.1400796 0.1332082 0.1786429 0.0658471 0.0495790 0.1848416 2.2113022 0.0555962 0.1355344 0.0541410 0.1427926 0.0583715 0.1417720 0.1823386 0.1796209 0.3882428 2.0475011 0.1348310 0.0581481 0.0058945 0.1433678 0.3758302 0.0479065 0.1605114 0.1828959 0.0549538 0.0687698 0.0313401 0.0653352 1.1827356 0.0513142 0.2058469 0.1317270 0.1833506 0.1599344 0.0203582 0.1903866 1.6933465 0.0542877 0.1827065 0.1844113 0.2264634 0.0009232 0.0351899 0.1838564 0.1833979 0.1433001 0.1464542 0.0544214 0.1747520 0.1271130 0.0998373 0.1439171 2.3304775 0.0317901 0.0585885 
Salmonella_enterica_genome            0.1777294 0.0325329 2.7255682 0.1895138 0.1886571 0.1880779 0.1391778 0.1448264 0.1432982 1.1028658 0.0355137 0.1940812 0.0513933 0.0677757 0.1500764 0.1859096 0.1850207 0.0323840 0.1374901 0.0332740 0.0672567 0.1910033 0.0350356 0.1657313 0.3825411 0.2055654 0.0349399 0.0349761 0.0323291 0.1853019 2.2536636 0.1474754 0.2072495 0.1837813 2.6410652 0.0553099 0.0000000 0.0354705 0.1866516 0.1856390 0.0334346 0.0333872 0.0321561 0.1018448 0.0668101 0.0371006 0.1416691 0.1332749 0.1804492 0.0658327 0.0528024 0.1871725 2.2118754 0.0363935 0.1387190 0.0341069 0.1465650 0.0674603 0.1435237 0.1850356 0.1820044 0.3815213 2.0173839 0.1375439 0.0394367 0.0565881 0.1428267 0.3749730 0.0509711 0.1624070 0.1860822 0.0355320 0.0687544 0.0547183 0.0649493 1.1645534 0.0557012 0.2050695 0.1386576 0.1871047 0.1612185 0.0529657 0.1937939 1.7700544 0.0146504 0.1850120 0.1848091 0.2283522 0.0557713 0.0591232 0.1858410 0.1849603 0.1473969 0.1473088 0.0334512 0.1744646 0.1262704 0.1012386 0.1462068 2.2788220 0.0538318 0.0593594 
